1 7 880
2 4 880
3 4 400
4 6 720
5 6 1200
6 3 1200
7 4 1200
8 4 720
9 7 720
10 7 720
11 7 1200
12 4 1200
13 4 720
14 4 1200
15 7 1200
16 4 1200
17 7 1200
18 7 720
19 5 560
20 2 560
21 2 1040
22 2 1040
23 2 560
24 5 560
25 5 1040
26 5 560
27 2 560
28 6 880
29 3 880
30 3 400
31 2 880
32 5 880
33 5 400
34 3 1040
35 6 1040
36 6 560
37 3 720
38 6 720
39 6 1200
40 5 560
41 5 1040
42 2 1040
43 5 1040
44 2 1040
45 2 560
46 7 880
47 7 400
48 4 400
49 2 1040
50 5 1040
51 5 560
52 7 1200
53 7 720
54 4 720
55 4 720
56 7 720
57 7 1200
58 6 1040
59 3 1040
60 3 560
61 2 1200
62 2 720
63 5 720
64 2 560
65 2 1040
66 5 1040
67 4 560
68 7 560
69 7 1040
70 4 560
71 4 1040
72 7 1040
73 5 400
74 2 400
75 2 880
76 3 1200
77 3 720
78 6 720
79 5 1200
80 2 1200
81 2 720
82 3 880
83 3 400
84 6 400
85 2 720
86 2 1200
87 5 1200
88 2 880
89 2 400
90 5 400
91 7 400
92 4 400
93 4 880
94 7 1040
95 4 1040
96 4 560
97 7 720
98 4 720
99 4 1200
100 2 720
101 5 720
102 5 1200
103 3 400
104 6 400
105 6 880
106 3 880
107 6 880
108 6 400
109 6 400
110 3 400
111 3 880
112 5 880
113 2 880
114 2 400
115 6 400
116 6 880
117 3 880
118 6 560
119 3 560
120 3 1040
121 4 1040
122 7 1040
123 7 560
124 2 400
125 5 400
126 5 880
127 5 880
128 5 400
129 2 400
130 2 1200
131 5 1200
132 5 720
