Seq	Host	Starttime	JobRuntime	Send	Receive	Exitval	Signal	Command
2	:	1778356180.920	   294.779	0	34908	0	0	Rscript run_model.R 2 7 560 1.5
4	:	1778356180.924	   294.825	0	16047	0	0	Rscript run_model.R 4 4 560 3
3	:	1778356180.922	   294.953	0	36753	0	0	Rscript run_model.R 3 4 560 1.5
5	:	1778356180.926	   296.799	0	23851	0	0	Rscript run_model.R 5 2 1040 2
10	:	1778356180.936	   296.798	0	18260	0	0	Rscript run_model.R 10 7 880 2.5
1	:	1778356180.918	   296.875	0	31244	0	0	Rscript run_model.R 1 7 1040 1.5
9	:	1778356180.934	   299.753	0	42551	0	0	Rscript run_model.R 9 7 880 1
8	:	1778356180.932	   304.051	0	54954	0	0	Rscript run_model.R 8 5 560 0.5
7	:	1778356180.930	   305.016	0	51622	0	0	Rscript run_model.R 7 5 1040 0.5
6	:	1778356180.928	   305.355	0	50882	0	0	Rscript run_model.R 6 2 1040 0.5
12	:	1778356475.876	   285.047	0	21915	0	0	Rscript run_model.R 12 4 400 2.5
13	:	1778356475.889	   286.904	0	23789	0	0	Rscript run_model.R 13 4 880 2
14	:	1778356477.747	   285.457	0	27458	0	0	Rscript run_model.R 14 4 400 2
11	:	1778356475.843	   287.646	0	18248	0	0	Rscript run_model.R 11 4 880 2.5
15	:	1778356477.794	   292.133	0	57851	0	0	Rscript run_model.R 15 4 400 0.5
16	:	1778356477.808	   294.491	0	55352	0	0	Rscript run_model.R 16 7 400 0.5
17	:	1778356480.701	   292.552	0	23523	0	0	Rscript run_model.R 17 2 1200 2
18	:	1778356484.995	   299.223	0	54816	0	0	Rscript run_model.R 18 2 1200 0.5
20	:	1778356486.296	   298.546	0	55933	0	0	Rscript run_model.R 20 5 720 0.5
19	:	1778356485.959	   301.625	0	54816	0	0	Rscript run_model.R 19 5 1200 0.5
21	:	1778356760.934	   283.984	0	44333	0	0	Rscript run_model.R 21 4 1040 1
24	:	1778356763.500	   282.793	0	19749	0	0	Rscript run_model.R 24 7 560 2.5
23	:	1778356763.217	   284.354	0	47408	0	0	Rscript run_model.R 23 7 560 1
22	:	1778356762.806	   287.591	0	42354	0	0	Rscript run_model.R 22 7 1040 1
25	:	1778356769.939	   287.729	0	43131	0	0	Rscript run_model.R 25 6 720 1
26	:	1778356772.313	   291.625	0	43495	0	0	Rscript run_model.R 26 6 1200 1
27	:	1778356773.263	   291.003	0	43507	0	0	Rscript run_model.R 27 3 1200 1
29	:	1778356784.859	   290.648	0	23840	0	0	Rscript run_model.R 29 3 1040 2
28	:	1778356784.232	   292.074	0	17992	0	0	Rscript run_model.R 28 3 1200 2.5
30	:	1778356787.602	   291.368	0	23964	0	0	Rscript run_model.R 30 6 1040 2
33	:	1778357047.583	   282.187	0	15766	0	0	Rscript run_model.R 33 6 1200 3
32	:	1778357046.307	   286.226	0	54954	0	0	Rscript run_model.R 32 6 560 0.5
31	:	1778357044.933	   287.628	0	50992	0	0	Rscript run_model.R 31 6 1040 0.5
34	:	1778357050.411	   282.157	0	15754	0	0	Rscript run_model.R 34 3 1200 3
35	:	1778357057.679	   284.160	0	30915	0	0	Rscript run_model.R 35 3 1200 1.5
36	:	1778357063.952	   285.436	0	31686	0	0	Rscript run_model.R 36 3 720 1.5
37	:	1778357064.277	   286.588	0	15766	0	0	Rscript run_model.R 37 6 1200 3
39	:	1778357076.316	   287.104	0	31675	0	0	Rscript run_model.R 39 6 720 1.5
38	:	1778357075.518	   289.222	0	30926	0	0	Rscript run_model.R 38 6 1200 1.5
40	:	1778357078.979	   287.971	0	31663	0	0	Rscript run_model.R 40 3 720 1.5
41	:	1778357329.778	   281.603	0	31613	0	0	Rscript run_model.R 41 2 1040 1.5
42	:	1778357332.546	   283.259	0	15356	0	0	Rscript run_model.R 42 2 1040 3
44	:	1778357332.654	   283.296	0	16059	0	0	Rscript run_model.R 44 5 560 3
43	:	1778357332.577	   283.699	0	15357	0	0	Rscript run_model.R 43 5 1040 3
45	:	1778357341.849	   290.352	0	43519	0	0	Rscript run_model.R 45 3 1200 1
46	:	1778357349.399	   292.893	0	43495	0	0	Rscript run_model.R 46 6 1200 1
47	:	1778357350.875	   292.974	0	17980	0	0	Rscript run_model.R 47 6 1200 2.5
48	:	1778357363.430	   290.123	0	19109	0	0	Rscript run_model.R 48 6 720 2.5
50	:	1778357366.961	   292.670	0	23840	0	0	Rscript run_model.R 50 7 1040 2
49	:	1778357364.751	   300.742	0	50670	0	0	Rscript run_model.R 49 7 1040 0.5
51	:	1778357611.393	   281.011	0	23852	0	0	Rscript run_model.R 51 4 1040 2
52	:	1778357615.815	   283.562	0	26042	0	0	Rscript run_model.R 52 4 560 2
53	:	1778357615.960	   283.805	0	26042	0	0	Rscript run_model.R 53 5 560 2
54	:	1778357616.285	   284.667	0	26042	0	0	Rscript run_model.R 54 2 560 2
55	:	1778357632.215	   286.519	0	23840	0	0	Rscript run_model.R 55 2 1040 2
57	:	1778357643.861	   289.971	0	23913	0	0	Rscript run_model.R 57 6 880 2
56	:	1778357642.306	   298.454	0	50882	0	0	Rscript run_model.R 56 2 1040 0.5
58	:	1778357653.562	   292.197	0	23803	0	0	Rscript run_model.R 58 3 880 2
59	:	1778357659.641	   290.352	0	27470	0	0	Rscript run_model.R 59 3 400 2
60	:	1778357665.507	   294.732	0	55353	0	0	Rscript run_model.R 60 3 400 0.5
61	:	1778357892.414	   279.490	0	30927	0	0	Rscript run_model.R 61 2 1200 1.5
63	:	1778357899.776	   285.371	0	31687	0	0	Rscript run_model.R 63 5 720 1.5
62	:	1778357899.388	   286.198	0	31687	0	0	Rscript run_model.R 62 2 720 1.5
64	:	1778357900.965	   285.314	0	16157	0	0	Rscript run_model.R 64 5 720 3
65	:	1778357918.745	   286.060	0	17980	0	0	Rscript run_model.R 65 7 1200 2.5
66	:	1778357933.844	   289.418	0	19121	0	0	Rscript run_model.R 66 7 720 2.5
67	:	1778357940.772	   293.178	0	43143	0	0	Rscript run_model.R 67 7 720 1
68	:	1778357945.769	   292.754	0	43131	0	0	Rscript run_model.R 68 4 720 1
69	:	1778357950.142	   291.184	0	31687	0	0	Rscript run_model.R 69 7 720 1.5
70	:	1778357960.253	   288.542	0	31687	0	0	Rscript run_model.R 70 4 720 1.5
71	:	1778358171.917	   274.039	0	30915	0	0	Rscript run_model.R 71 4 1200 1.5
72	:	1778358185.156	   280.907	0	15778	0	0	Rscript run_model.R 72 4 1200 3
73	:	1778358185.612	   283.862	0	43519	0	0	Rscript run_model.R 73 4 1200 1
74	:	1778358186.287	   285.003	0	43519	0	0	Rscript run_model.R 74 7 1200 1
75	:	1778358204.814	   277.149	0	43143	0	0	Rscript run_model.R 75 7 720 1
76	:	1778358223.273	   273.680	0	19096	0	0	Rscript run_model.R 76 7 720 2.5
77	:	1778358233.964	   285.660	0	43131	0	0	Rscript run_model.R 77 6 720 1
78	:	1778358238.536	   288.671	0	43131	0	0	Rscript run_model.R 78 3 720 1
79	:	1778358241.338	   292.529	0	43519	0	0	Rscript run_model.R 79 3 1200 1
80	:	1778358248.807	   289.070	0	18004	0	0	Rscript run_model.R 80 3 1200 2.5
81	:	1778358445.968	   268.970	0	26042	0	0	Rscript run_model.R 81 3 560 2
82	:	1778358466.257	   273.587	0	25661	0	0	Rscript run_model.R 82 6 560 2
83	:	1778358469.489	   277.287	0	23976	0	0	Rscript run_model.R 83 6 1040 2
84	:	1778358471.303	   287.460	0	50992	0	0	Rscript run_model.R 84 6 1040 0.5
85	:	1778358481.975	   281.486	0	47396	0	0	Rscript run_model.R 85 5 560 1
86	:	1778358496.963	   278.200	0	44337	0	0	Rscript run_model.R 86 5 1040 1
87	:	1778358519.638	   278.065	0	44325	0	0	Rscript run_model.R 87 2 1040 1
88	:	1778358527.221	   283.979	0	19428	0	0	Rscript run_model.R 88 2 1040 2.5
89	:	1778358533.882	   286.973	0	43519	0	0	Rscript run_model.R 89 2 1200 1
90	:	1778358537.887	   284.735	0	18004	0	0	Rscript run_model.R 90 2 1200 2.5
91	:	1778358714.951	   271.622	0	18004	0	0	Rscript run_model.R 91 5 1200 2.5
92	:	1778358739.854	   275.728	0	19121	0	0	Rscript run_model.R 92 5 720 2.5
93	:	1778358746.787	   273.827	0	27482	0	0	Rscript run_model.R 93 6 400 2
94	:	1778358758.774	   286.702	0	55365	0	0	Rscript run_model.R 94 6 400 0.5
95	:	1778358763.473	   288.013	0	55365	0	0	Rscript run_model.R 95 3 400 0.5
96	:	1778358775.373	   285.319	0	52593	0	0	Rscript run_model.R 96 3 880 0.5
97	:	1778358797.716	   278.695	0	30927	0	0	Rscript run_model.R 97 5 1200 1.5
98	:	1778358811.209	   284.694	0	30927	0	0	Rscript run_model.R 98 2 1200 1.5
100	:	1778358822.633	   285.107	0	16157	0	0	Rscript run_model.R 100 2 720 3
99	:	1778358820.870	   288.478	0	15778	0	0	Rscript run_model.R 99 2 1200 3
101	:	1778358986.584	   276.923	0	31687	0	0	Rscript run_model.R 101 2 720 1.5
102	:	1778359015.595	   278.609	0	16157	0	0	Rscript run_model.R 102 2 720 3
103	:	1778359020.625	   276.650	0	16157	0	0	Rscript run_model.R 103 5 720 3
104	:	1778359045.488	   282.254	0	15766	0	0	Rscript run_model.R 104 5 1200 3
105	:	1778359051.499	   284.233	0	23864	0	0	Rscript run_model.R 105 5 1040 2
106	:	1778359060.704	   293.489	0	51630	0	0	Rscript run_model.R 106 5 1040 0.5
107	:	1778359076.424	   286.529	0	54966	0	0	Rscript run_model.R 107 5 560 0.5
108	:	1778359095.914	   281.629	0	54954	0	0	Rscript run_model.R 108 2 560 0.5
109	:	1778359107.749	   294.707	0	51634	0	0	Rscript run_model.R 109 4 1040 0.5
110	:	1778359109.357	   293.493	0	54966	0	0	Rscript run_model.R 110 4 560 0.5
111	:	1778359263.518	   279.844	0	54966	0	0	Rscript run_model.R 111 7 560 0.5
112	:	1778359294.397	   274.383	0	25673	0	0	Rscript run_model.R 112 7 560 2
113	:	1778359297.285	   283.629	0	52945	0	0	Rscript run_model.R 113 7 880 0.5
114	:	1778359327.751	   285.218	0	52605	0	0	Rscript run_model.R 114 4 880 0.5
115	:	1778359335.742	   278.665	0	23815	0	0	Rscript run_model.R 115 4 880 2
116	:	1778359354.207	   280.736	0	27482	0	0	Rscript run_model.R 116 4 400 2
117	:	1778359362.968	   294.662	0	50694	0	0	Rscript run_model.R 117 7 1040 0.5
118	:	1778359377.558	   294.648	0	54966	0	0	Rscript run_model.R 118 7 560 0.5
119	:	1778359402.470	   286.053	0	25673	0	0	Rscript run_model.R 119 7 560 2
120	:	1778359402.865	   288.786	0	26042	0	0	Rscript run_model.R 120 4 560 2
121	:	1778359543.378	   284.171	0	19121	0	0	Rscript run_model.R 121 5 720 2.5
122	:	1778359568.792	   279.668	0	43143	0	0	Rscript run_model.R 122 5 720 1
123	:	1778359580.930	   281.610	0	43143	0	0	Rscript run_model.R 123 2 720 1
125	:	1778359614.417	   285.396	0	27482	0	0	Rscript run_model.R 125 7 400 2
124	:	1778359612.982	   291.783	0	43519	0	0	Rscript run_model.R 124 2 1200 1
126	:	1778359634.954	   287.888	0	55377	0	0	Rscript run_model.R 126 7 400 0.5
127	:	1778359657.644	   289.307	0	52943	0	0	Rscript run_model.R 127 7 880 0.5
128	:	1778359672.455	   295.078	0	52605	0	0	Rscript run_model.R 128 4 880 0.5
129	:	1778359688.537	   288.210	0	31687	0	0	Rscript run_model.R 129 3 720 1.5
130	:	1778359691.661	   286.865	0	16157	0	0	Rscript run_model.R 130 3 720 3
131	:	1778359827.559	   280.550	0	15778	0	0	Rscript run_model.R 131 3 1200 3
132	:	1778359848.473	   277.924	0	15777	0	0	Rscript run_model.R 132 6 1200 3
133	:	1778359862.554	   279.035	0	42588	0	0	Rscript run_model.R 133 6 1040 1
134	:	1778359899.825	   283.898	0	44333	0	0	Rscript run_model.R 134 3 1040 1
135	:	1778359904.779	   283.963	0	47408	0	0	Rscript run_model.R 135 3 560 1
136	:	1778359922.858	   275.490	0	19760	0	0	Rscript run_model.R 136 3 560 2.5
137	:	1778359946.966	   278.862	0	31625	0	0	Rscript run_model.R 137 4 1040 1.5
138	:	1778359967.548	   285.819	0	31255	0	0	Rscript run_model.R 138 7 1040 1.5
140	:	1778359978.536	   282.164	0	16058	0	0	Rscript run_model.R 140 7 560 3
139	:	1778359976.761	   284.591	0	15357	0	0	Rscript run_model.R 139 7 1040 3
141	:	1778360108.276	   274.576	0	31687	0	0	Rscript run_model.R 141 4 720 1.5
142	:	1778360126.408	   268.936	0	16157	0	0	Rscript run_model.R 142 4 720 3
143	:	1778360141.602	   271.917	0	16157	0	0	Rscript run_model.R 143 7 720 3
144	:	1778360183.735	   279.355	0	15778	0	0	Rscript run_model.R 144 7 1200 3
145	:	1778360188.753	   280.773	0	43519	0	0	Rscript run_model.R 145 6 1200 1
146	:	1778360198.356	   277.472	0	43141	0	0	Rscript run_model.R 146 6 720 1
147	:	1778360225.838	   277.302	0	19121	0	0	Rscript run_model.R 147 6 720 2.5
148	:	1778360253.379	   283.782	0	19119	0	0	Rscript run_model.R 148 3 720 2.5
149	:	1778360260.708	   279.988	0	19761	0	0	Rscript run_model.R 149 6 560 2.5
150	:	1778360261.361	   284.151	0	19516	0	0	Rscript run_model.R 150 6 1040 2.5
151	:	1778360382.863	   278.526	0	42589	0	0	Rscript run_model.R 151 6 1040 1
152	:	1778360395.351	   280.555	0	44338	0	0	Rscript run_model.R 152 3 1040 1
153	:	1778360413.529	   274.381	0	19428	0	0	Rscript run_model.R 153 2 1040 2.5
154	:	1778360463.239	   280.248	0	19427	0	0	Rscript run_model.R 154 5 1040 2.5
155	:	1778360469.539	   284.016	0	44337	0	0	Rscript run_model.R 155 5 1040 1
156	:	1778360475.841	   281.837	0	47408	0	0	Rscript run_model.R 156 5 560 1
157	:	1778360503.326	   277.440	0	36729	0	0	Rscript run_model.R 157 2 400 1.5
159	:	1778360540.705	   275.637	0	17499	0	0	Rscript run_model.R 159 5 400 3
158	:	1778360537.427	   278.984	0	36729	0	0	Rscript run_model.R 158 5 400 1.5
160	:	1778360545.522	   282.710	0	15307	0	0	Rscript run_model.R 160 5 880 3
161	:	1778360661.401	   270.838	0	16059	0	0	Rscript run_model.R 161 2 560 3
162	:	1778360675.920	   270.661	0	15357	0	0	Rscript run_model.R 162 2 1040 3
163	:	1778360687.919	   270.811	0	15357	0	0	Rscript run_model.R 163 5 1040 3
164	:	1778360743.498	   280.298	0	31624	0	0	Rscript run_model.R 164 5 1040 1.5
165	:	1778360753.567	   285.164	0	30939	0	0	Rscript run_model.R 165 7 1200 1.5
166	:	1778360757.690	   282.546	0	31687	0	0	Rscript run_model.R 166 7 720 1.5
167	:	1778360780.780	   284.792	0	16157	0	0	Rscript run_model.R 167 7 720 3
168	:	1778360816.351	   279.455	0	16157	0	0	Rscript run_model.R 168 4 720 3
169	:	1778360816.423	   283.511	0	42589	0	0	Rscript run_model.R 169 6 1040 1
170	:	1778360828.241	   283.605	0	47408	0	0	Rscript run_model.R 170 6 560 1
171	:	1778360932.247	   273.391	0	19761	0	0	Rscript run_model.R 171 6 560 2.5
172	:	1778360946.592	   280.186	0	19761	0	0	Rscript run_model.R 172 3 560 2.5
173	:	1778360958.739	   281.213	0	30940	0	0	Rscript run_model.R 173 4 1200 1.5
174	:	1778361023.805	   282.540	0	30939	0	0	Rscript run_model.R 174 7 1200 1.5
175	:	1778361038.742	   281.771	0	31687	0	0	Rscript run_model.R 175 7 720 1.5
176	:	1778361040.248	   280.967	0	16157	0	0	Rscript run_model.R 176 7 720 3
177	:	1778361065.581	   283.389	0	47408	0	0	Rscript run_model.R 177 6 560 1
178	:	1778361095.816	   280.588	0	47408	0	0	Rscript run_model.R 178 3 560 1
179	:	1778361099.949	   277.031	0	19761	0	0	Rscript run_model.R 179 3 560 2.5
180	:	1778361111.856	   284.946	0	19428	0	0	Rscript run_model.R 180 3 1040 2.5
181	:	1778361205.648	   275.023	0	23548	0	0	Rscript run_model.R 181 5 1200 2
182	:	1778361226.790	   279.995	0	54840	0	0	Rscript run_model.R 182 5 1200 0.5
183	:	1778361239.964	   278.069	0	54841	0	0	Rscript run_model.R 183 2 1200 0.5
184	:	1778361306.357	   275.621	0	55957	0	0	Rscript run_model.R 184 2 720 0.5
185	:	1778361320.525	   269.664	0	24664	0	0	Rscript run_model.R 185 6 720 2
186	:	1778361321.223	   272.323	0	23547	0	0	Rscript run_model.R 186 6 1200 2
187	:	1778361348.981	   272.876	0	23547	0	0	Rscript run_model.R 187 3 1200 2
189	:	1778361376.989	   269.582	0	36765	0	0	Rscript run_model.R 189 2 560 1.5
188	:	1778361376.415	   280.256	0	54840	0	0	Rscript run_model.R 188 3 1200 0.5
190	:	1778361396.811	   276.740	0	31625	0	0	Rscript run_model.R 190 2 1040 1.5
191	:	1778361480.682	   272.193	0	15357	0	0	Rscript run_model.R 191 2 1040 3
192	:	1778361506.796	   269.539	0	15357	0	0	Rscript run_model.R 192 5 1040 3
193	:	1778361518.147	   272.567	0	31625	0	0	Rscript run_model.R 193 5 1040 1.5
194	:	1778361581.991	   271.157	0	36765	0	0	Rscript run_model.R 194 5 560 1.5
195	:	1778361590.197	   274.869	0	36765	0	0	Rscript run_model.R 195 2 560 1.5
196	:	1778361593.554	   272.144	0	16059	0	0	Rscript run_model.R 196 2 560 3
197	:	1778361621.865	   277.762	0	43141	0	0	Rscript run_model.R 197 4 720 1
198	:	1778361646.583	   277.542	0	43143	0	0	Rscript run_model.R 198 7 720 1
199	:	1778361656.683	   276.952	0	19121	0	0	Rscript run_model.R 199 7 720 2.5
200	:	1778361673.561	   281.628	0	18004	0	0	Rscript run_model.R 200 7 1200 2.5
201	:	1778361752.883	   265.584	0	31686	0	0	Rscript run_model.R 201 5 720 1.5
202	:	1778361776.345	   266.312	0	31686	0	0	Rscript run_model.R 202 2 720 1.5
203	:	1778361790.724	   263.815	0	16156	0	0	Rscript run_model.R 203 2 720 3
204	:	1778361853.162	   263.422	0	15778	0	0	Rscript run_model.R 204 2 1200 3
205	:	1778361865.208	   262.398	0	15357	0	0	Rscript run_model.R 205 2 1040 3
206	:	1778361865.704	   263.782	0	15357	0	0	Rscript run_model.R 206 5 1040 3
207	:	1778361899.634	   266.539	0	31625	0	0	Rscript run_model.R 207 5 1040 1.5
208	:	1778361924.134	   259.309	0	36765	0	0	Rscript run_model.R 208 5 560 1.5
209	:	1778361933.642	   261.878	0	18272	0	0	Rscript run_model.R 209 4 880 2.5
210	:	1778361955.197	   265.125	0	21939	0	0	Rscript run_model.R 210 4 400 2.5
211	:	1778362018.475	   255.151	0	21939	0	0	Rscript run_model.R 211 7 400 2.5
212	:	1778362042.664	   258.592	0	46453	0	0	Rscript run_model.R 212 7 400 1
213	:	1778362054.546	   256.823	0	16060	0	0	Rscript run_model.R 213 4 560 3
214	:	1778362116.591	   255.381	0	16059	0	0	Rscript run_model.R 214 7 560 3
215	:	1778362127.614	   258.082	0	34920	0	0	Rscript run_model.R 215 7 560 1.5
216	:	1778362129.495	   262.124	0	31256	0	0	Rscript run_model.R 216 7 1040 1.5
217	:	1778362166.181	   264.355	0	18004	0	0	Rscript run_model.R 217 6 1200 2.5
218	:	1778362183.457	   265.378	0	43519	0	0	Rscript run_model.R 218 6 1200 1
219	:	1778362195.527	   267.671	0	43519	0	0	Rscript run_model.R 219 3 1200 1
220	:	1778362220.333	   263.644	0	43144	0	0	Rscript run_model.R 220 3 720 1
221	:	1778362273.634	   266.539	0	51004	0	0	Rscript run_model.R 221 6 1040 0.5
222	:	1778362301.265	   256.103	0	23976	0	0	Rscript run_model.R 222 6 1040 2
223	:	1778362311.376	   257.152	0	23865	0	0	Rscript run_model.R 223 3 1040 2
224	:	1778362371.979	   254.296	0	26042	0	0	Rscript run_model.R 224 3 560 2
225	:	1778362385.708	   257.513	0	27482	0	0	Rscript run_model.R 225 7 400 2
226	:	1778362391.629	   263.758	0	55377	0	0	Rscript run_model.R 226 7 400 0.5
227	:	1778362430.543	   265.325	0	57875	0	0	Rscript run_model.R 227 4 400 0.5
228	:	1778362448.847	   265.480	0	52605	0	0	Rscript run_model.R 228 4 880 0.5
229	:	1778362463.206	   267.955	0	52605	0	0	Rscript run_model.R 229 4 880 0.5
230	:	1778362483.985	   265.875	0	57875	0	0	Rscript run_model.R 230 4 400 0.5
231	:	1778362540.182	   253.014	0	27482	0	0	Rscript run_model.R 231 4 400 2
232	:	1778362557.376	   255.156	0	27482	0	0	Rscript run_model.R 232 7 400 2
233	:	1778362568.535	   258.378	0	24664	0	0	Rscript run_model.R 233 3 720 2
234	:	1778362626.284	   257.976	0	24664	0	0	Rscript run_model.R 234 6 720 2
235	:	1778362643.233	   267.362	0	55957	0	0	Rscript run_model.R 235 6 720 0.5
236	:	1778362655.396	   270.762	0	54840	0	0	Rscript run_model.R 236 6 1200 0.5
237	:	1778362695.882	   261.169	0	47408	0	0	Rscript run_model.R 237 4 560 1
238	:	1778362714.335	   266.368	0	44337	0	0	Rscript run_model.R 238 4 1040 1
239	:	1778362731.169	   265.382	0	19428	0	0	Rscript run_model.R 239 4 1040 2.5
240	:	1778362749.869	   261.404	0	19428	0	0	Rscript run_model.R 240 7 1040 2.5
241	:	1778362793.207	   254.652	0	27482	0	0	Rscript run_model.R 241 4 400 2
242	:	1778362812.541	   257.744	0	23815	0	0	Rscript run_model.R 242 4 880 2
243	:	1778362826.922	   258.617	0	23814	0	0	Rscript run_model.R 243 7 880 2
244	:	1778362884.269	   262.417	0	52945	0	0	Rscript run_model.R 244 7 880 0.5
245	:	1778362910.603	   260.959	0	23547	0	0	Rscript run_model.R 245 4 1200 2
246	:	1778362926.167	   260.839	0	23547	0	0	Rscript run_model.R 246 7 1200 2
247	:	1778362957.175	   268.627	0	54840	0	0	Rscript run_model.R 247 7 1200 0.5
248	:	1778362980.710	   266.667	0	55957	0	0	Rscript run_model.R 248 7 720 0.5
249	:	1778362996.558	   260.580	0	31625	0	0	Rscript run_model.R 249 2 1040 1.5
250	:	1778363011.283	   260.597	0	15357	0	0	Rscript run_model.R 250 2 1040 3
251	:	1778363047.867	   253.592	0	16059	0	0	Rscript run_model.R 251 2 560 3
252	:	1778363070.296	   253.349	0	16059	0	0	Rscript run_model.R 252 5 560 3
253	:	1778363085.545	   256.280	0	43893	0	0	Rscript run_model.R 253 5 880 1
254	:	1778363146.693	   243.008	0	43893	0	0	Rscript run_model.R 254 2 880 1
255	:	1778363171.568	   235.612	0	45223	0	0	Rscript run_model.R 255 2 400 1
256	:	1778363187.098	   229.497	0	21939	0	0	Rscript run_model.R 256 2 400 2.5
