Seq	Host	Starttime	JobRuntime	Send	Receive	Exitval	Signal	Command
6	:	1776615270.071	  1785.023	0	42279	0	0	Rscript run_model.R 6 3 1200
1	:	1776615270.062	  1793.648	0	41205	0	0	Rscript run_model.R 1 7 880
3	:	1776615270.066	  1835.318	0	50326	0	0	Rscript run_model.R 3 4 400
7	:	1776615270.073	  1835.453	0	41060	0	0	Rscript run_model.R 7 4 1200
5	:	1776615270.069	  1842.539	0	41060	0	0	Rscript run_model.R 5 6 1200
8	:	1776615270.075	  1843.684	0	46243	0	0	Rscript run_model.R 8 4 720
2	:	1776615270.064	  1852.085	0	41247	0	0	Rscript run_model.R 2 4 880
4	:	1776615270.068	  1891.509	0	47539	0	0	Rscript run_model.R 4 6 720
9	:	1776615270.077	  1896.167	0	45613	0	0	Rscript run_model.R 9 7 720
10	:	1776615270.079	  1897.068	0	45613	0	0	Rscript run_model.R 10 7 720
12	:	1776617063.719	  1818.508	0	41060	0	0	Rscript run_model.R 12 4 1200
11	:	1776617055.245	  1833.980	0	41060	0	0	Rscript run_model.R 11 7 1200
14	:	1776617105.534	  1797.017	0	41060	0	0	Rscript run_model.R 14 4 1200
13	:	1776617105.392	  1805.824	0	46244	0	0	Rscript run_model.R 13 4 720
16	:	1776617113.767	  1813.607	0	41060	0	0	Rscript run_model.R 16 4 1200
15	:	1776617112.615	  1830.757	0	41058	0	0	Rscript run_model.R 15 7 1200
17	:	1776617122.155	  1852.065	0	41060	0	0	Rscript run_model.R 17 7 1200
19	:	1776617166.252	  1820.842	0	46853	0	0	Rscript run_model.R 19 5 560
20	:	1776617167.155	  1830.243	0	46853	0	0	Rscript run_model.R 20 2 560
18	:	1776617161.586	  1844.156	0	45614	0	0	Rscript run_model.R 18 7 720
21	:	1776618882.257	  1805.259	0	40448	0	0	Rscript run_model.R 21 2 1040
22	:	1776618889.232	  1820.835	0	40448	0	0	Rscript run_model.R 22 2 1040
23	:	1776618902.560	  1813.100	0	46853	0	0	Rscript run_model.R 23 2 560
25	:	1776618927.383	  1807.780	0	40448	0	0	Rscript run_model.R 25 5 1040
24	:	1776618911.223	  1830.182	0	46853	0	0	Rscript run_model.R 24 5 560
26	:	1776618943.382	  1818.970	0	46853	0	0	Rscript run_model.R 26 5 560
27	:	1776618974.227	  1803.609	0	46853	0	0	Rscript run_model.R 27 2 560
29	:	1776618997.408	  1813.625	0	41246	0	0	Rscript run_model.R 29 3 880
28	:	1776618987.205	  1836.519	0	41247	0	0	Rscript run_model.R 28 6 880
30	:	1776619005.752	  1858.861	0	47817	0	0	Rscript run_model.R 30 3 400
31	:	1776620687.617	  1850.090	0	41247	0	0	Rscript run_model.R 31 2 880
34	:	1776620735.174	  1819.993	0	40448	0	0	Rscript run_model.R 34 3 1040
32	:	1776620710.208	  1869.222	0	41247	0	0	Rscript run_model.R 32 5 880
35	:	1776620741.418	  1846.370	0	40447	0	0	Rscript run_model.R 35 6 1040
36	:	1776620762.364	  1835.184	0	46853	0	0	Rscript run_model.R 36 6 560
37	:	1776620777.849	  1828.352	0	46244	0	0	Rscript run_model.R 37 3 720
33	:	1776620715.671	  1905.736	0	50383	0	0	Rscript run_model.R 33 5 400
39	:	1776620823.734	  1821.759	0	41060	0	0	Rscript run_model.R 39 6 1200
38	:	1776620811.141	  1859.020	0	47539	0	0	Rscript run_model.R 38 6 720
40	:	1776620864.623	  1808.608	0	46853	0	0	Rscript run_model.R 40 5 560
41	:	1776622537.746	  1819.865	0	40448	0	0	Rscript run_model.R 41 5 1040
42	:	1776622555.336	  1818.398	0	40448	0	0	Rscript run_model.R 42 2 1040
43	:	1776622579.442	  1818.823	0	40448	0	0	Rscript run_model.R 43 5 1040
44	:	1776622587.794	  1819.370	0	40448	0	0	Rscript run_model.R 44 2 1040
45	:	1776622597.555	  1819.819	0	46853	0	0	Rscript run_model.R 45 2 560
46	:	1776622606.212	  1838.723	0	41247	0	0	Rscript run_model.R 46 7 880
49	:	1776622670.170	  1806.560	0	40448	0	0	Rscript run_model.R 49 2 1040
50	:	1776622673.253	  1818.708	0	40448	0	0	Rscript run_model.R 50 5 1040
47	:	1776622621.418	  1885.509	0	50383	0	0	Rscript run_model.R 47 7 400
48	:	1776622645.502	  1878.715	0	50383	0	0	Rscript run_model.R 48 4 400
51	:	1776624357.640	  1841.133	0	46853	0	0	Rscript run_model.R 51 5 560
52	:	1776624373.743	  1864.654	0	41060	0	0	Rscript run_model.R 52 7 1200
54	:	1776624407.172	  1840.222	0	46244	0	0	Rscript run_model.R 54 4 720
55	:	1776624417.386	  1832.268	0	46244	0	0	Rscript run_model.R 55 4 720
53	:	1776624398.275	  1879.888	0	45614	0	0	Rscript run_model.R 53 7 720
58	:	1776624491.974	  1813.947	0	40448	0	0	Rscript run_model.R 58 6 1040
57	:	1776624476.743	  1840.464	0	41059	0	0	Rscript run_model.R 57 7 1200
56	:	1776624444.944	  1875.210	0	45613	0	0	Rscript run_model.R 56 7 720
59	:	1776624506.939	  1819.394	0	40448	0	0	Rscript run_model.R 59 3 1040
60	:	1776624524.230	  1854.652	0	46853	0	0	Rscript run_model.R 60 3 560
61	:	1776626198.795	  1864.666	0	42351	0	0	Rscript run_model.R 61 2 1200
62	:	1776626238.408	  1850.805	0	44932	0	0	Rscript run_model.R 62 2 720
64	:	1776626249.661	  1851.831	0	46852	0	0	Rscript run_model.R 64 2 560
65	:	1776626278.322	  1836.713	0	40448	0	0	Rscript run_model.R 65 2 1040
63	:	1776626247.401	  1899.828	0	45608	0	0	Rscript run_model.R 63 5 720
66	:	1776626305.930	  1844.882	0	40448	0	0	Rscript run_model.R 66 5 1040
68	:	1776626320.163	  1865.413	0	46853	0	0	Rscript run_model.R 68 7 560
67	:	1776626317.215	  1873.496	0	46853	0	0	Rscript run_model.R 67 4 560
69	:	1776626326.340	  1873.074	0	40448	0	0	Rscript run_model.R 69 7 1040
70	:	1776626378.890	  1898.309	0	46853	0	0	Rscript run_model.R 70 4 560
71	:	1776628063.492	  2437.984	0	40448	0	0	Rscript run_model.R 71 4 1040
72	:	1776628089.222	  2435.670	0	40448	0	0	Rscript run_model.R 72 7 1040
75	:	1776628147.237	  2408.964	0	41246	0	0	Rscript run_model.R 75 2 880
76	:	1776628150.825	  2420.020	0	42351	0	0	Rscript run_model.R 76 3 1200
73	:	1776628101.500	  2470.371	0	50383	0	0	Rscript run_model.R 73 5 400
74	:	1776628115.268	  2474.344	0	52314	0	0	Rscript run_model.R 74 2 400
77	:	1776628185.619	  2406.578	0	46244	0	0	Rscript run_model.R 77 3 720
79	:	1776628199.454	  2407.487	0	41060	0	0	Rscript run_model.R 79 5 1200
80	:	1776628277.501	  2358.898	0	42351	0	0	Rscript run_model.R 80 2 1200
78	:	1776628190.745	  2453.087	0	47539	0	0	Rscript run_model.R 78 6 720
81	:	1776630501.493	  1842.253	0	44933	0	0	Rscript run_model.R 81 2 720
82	:	1776630524.900	  1846.050	0	41246	0	0	Rscript run_model.R 82 3 880
85	:	1776630571.881	  1841.875	0	44933	0	0	Rscript run_model.R 85 2 720
87	:	1776630592.206	  1821.554	0	41059	0	0	Rscript run_model.R 87 5 1200
86	:	1776630589.620	  1836.885	0	42351	0	0	Rscript run_model.R 86 2 1200
88	:	1776630606.950	  1848.904	0	41247	0	0	Rscript run_model.R 88 2 880
83	:	1776630556.211	  1902.403	0	47818	0	0	Rscript run_model.R 83 3 400
84	:	1776630570.854	  1921.667	0	50382	0	0	Rscript run_model.R 84 6 400
89	:	1776630636.406	  1868.111	0	52313	0	0	Rscript run_model.R 89 2 400
90	:	1776630643.841	  1893.799	0	50383	0	0	Rscript run_model.R 90 5 400
94	:	1776632414.182	  1818.325	0	40448	0	0	Rscript run_model.R 94 7 1040
93	:	1776632413.770	  1842.891	0	41247	0	0	Rscript run_model.R 93 4 880
95	:	1776632426.514	  1832.325	0	40448	0	0	Rscript run_model.R 95 4 1040
91	:	1776632343.777	  1928.473	0	50383	0	0	Rscript run_model.R 91 7 400
92	:	1776632370.961	  1919.966	0	50383	0	0	Rscript run_model.R 92 4 400
96	:	1776632455.864	  1853.799	0	46853	0	0	Rscript run_model.R 96 4 560
98	:	1776632492.532	  1820.073	0	46244	0	0	Rscript run_model.R 98 4 720
99	:	1776632504.526	  1823.885	0	41060	0	0	Rscript run_model.R 99 4 1200
97	:	1776632458.622	  1879.186	0	45613	0	0	Rscript run_model.R 97 7 720
100	:	1776632537.648	  1811.990	0	44932	0	0	Rscript run_model.R 100 2 720
102	:	1776634256.670	  1829.745	0	41059	0	0	Rscript run_model.R 102 5 1200
101	:	1776634232.537	  1876.134	0	45609	0	0	Rscript run_model.R 101 5 720
106	:	1776634309.673	  1844.724	0	41247	0	0	Rscript run_model.R 106 3 880
105	:	1776634290.936	  1868.311	0	41247	0	0	Rscript run_model.R 105 6 880
104	:	1776634272.260	  1896.428	0	50383	0	0	Rscript run_model.R 104 6 400
107	:	1776634312.617	  1864.105	0	41247	0	0	Rscript run_model.R 107 6 880
103	:	1776634258.848	  1921.332	0	47818	0	0	Rscript run_model.R 103 3 400
108	:	1776634328.421	  1906.425	0	50383	0	0	Rscript run_model.R 108 6 400
109	:	1776634337.815	  1900.438	0	50383	0	0	Rscript run_model.R 109 6 400
110	:	1776634349.648	  1888.618	0	47818	0	0	Rscript run_model.R 110 3 400
111	:	1776636086.437	  1855.343	0	41247	0	0	Rscript run_model.R 111 3 880
112	:	1776636108.682	  1886.240	0	41246	0	0	Rscript run_model.R 112 5 880
113	:	1776636154.407	  1844.166	0	41247	0	0	Rscript run_model.R 113 2 880
117	:	1776636180.206	  1837.737	0	41247	0	0	Rscript run_model.R 117 3 880
116	:	1776636176.733	  1887.147	0	41247	0	0	Rscript run_model.R 116 6 880
118	:	1776636234.858	  1829.898	0	46853	0	0	Rscript run_model.R 118 6 560
120	:	1776636238.278	  1835.389	0	40448	0	0	Rscript run_model.R 120 3 1040
114	:	1776636159.257	  1924.000	0	52314	0	0	Rscript run_model.R 114 2 400
115	:	1776636168.699	  1916.836	0	50381	0	0	Rscript run_model.R 115 6 400
119	:	1776636238.266	  1872.825	0	46853	0	0	Rscript run_model.R 119 3 560
121	:	1776637941.807	  1826.233	0	40448	0	0	Rscript run_model.R 121 4 1040
122	:	1776637994.933	  1825.690	0	40448	0	0	Rscript run_model.R 122 7 1040
123	:	1776637998.584	  1840.260	0	46853	0	0	Rscript run_model.R 123 7 560
126	:	1776638064.768	  1852.225	0	41247	0	0	Rscript run_model.R 126 5 880
124	:	1776638017.955	  1905.690	0	52314	0	0	Rscript run_model.R 124 2 400
125	:	1776638063.889	  1864.054	0	50383	0	0	Rscript run_model.R 125 5 400
127	:	1776638073.677	  1860.092	0	41247	0	0	Rscript run_model.R 127 5 880
130	:	1776638111.246	  1832.555	0	42351	0	0	Rscript run_model.R 130 2 1200
128	:	1776638083.265	  1861.391	0	50383	0	0	Rscript run_model.R 128 5 400
129	:	1776638085.545	  1872.215	0	52314	0	0	Rscript run_model.R 129 2 400
131	:	1776639768.285	  1402.991	0	41060	0	0	Rscript run_model.R 131 5 1200
132	:	1776639820.636	  1396.893	0	45609	0	0	Rscript run_model.R 132 5 720
