1 7 1040 1.5
2 7 560 1.5
3 4 560 1.5
4 4 560 3
5 2 1040 2
6 2 1040 0.5
7 5 1040 0.5
8 5 560 0.5
9 7 880 1
10 7 880 2.5
11 4 880 2.5
12 4 400 2.5
13 4 880 2
14 4 400 2
15 4 400 0.5
16 7 400 0.5
17 2 1200 2
18 2 1200 0.5
19 5 1200 0.5
20 5 720 0.5
21 4 1040 1
22 7 1040 1
23 7 560 1
24 7 560 2.5
25 6 720 1
26 6 1200 1
27 3 1200 1
28 3 1200 2.5
29 3 1040 2
30 6 1040 2
31 6 1040 0.5
32 6 560 0.5
33 6 1200 3
34 3 1200 3
35 3 1200 1.5
36 3 720 1.5
37 6 1200 3
38 6 1200 1.5
39 6 720 1.5
40 3 720 1.5
41 2 1040 1.5
42 2 1040 3
43 5 1040 3
44 5 560 3
45 3 1200 1
46 6 1200 1
47 6 1200 2.5
48 6 720 2.5
49 7 1040 0.5
50 7 1040 2
51 4 1040 2
52 4 560 2
53 5 560 2
54 2 560 2
55 2 1040 2
56 2 1040 0.5
57 6 880 2
58 3 880 2
59 3 400 2
60 3 400 0.5
61 2 1200 1.5
62 2 720 1.5
63 5 720 1.5
64 5 720 3
65 7 1200 2.5
66 7 720 2.5
67 7 720 1
68 4 720 1
69 7 720 1.5
70 4 720 1.5
71 4 1200 1.5
72 4 1200 3
73 4 1200 1
74 7 1200 1
75 7 720 1
76 7 720 2.5
77 6 720 1
78 3 720 1
79 3 1200 1
80 3 1200 2.5
81 3 560 2
82 6 560 2
83 6 1040 2
84 6 1040 0.5
85 5 560 1
86 5 1040 1
87 2 1040 1
88 2 1040 2.5
89 2 1200 1
90 2 1200 2.5
91 5 1200 2.5
92 5 720 2.5
93 6 400 2
94 6 400 0.5
95 3 400 0.5
96 3 880 0.5
97 5 1200 1.5
98 2 1200 1.5
99 2 1200 3
100 2 720 3
101 2 720 1.5
102 2 720 3
103 5 720 3
104 5 1200 3
105 5 1040 2
106 5 1040 0.5
107 5 560 0.5
108 2 560 0.5
109 4 1040 0.5
110 4 560 0.5
111 7 560 0.5
112 7 560 2
113 7 880 0.5
114 4 880 0.5
115 4 880 2
116 4 400 2
117 7 1040 0.5
118 7 560 0.5
119 7 560 2
120 4 560 2
121 5 720 2.5
122 5 720 1
123 2 720 1
124 2 1200 1
125 7 400 2
126 7 400 0.5
127 7 880 0.5
128 4 880 0.5
129 3 720 1.5
130 3 720 3
131 3 1200 3
132 6 1200 3
133 6 1040 1
134 3 1040 1
135 3 560 1
136 3 560 2.5
137 4 1040 1.5
138 7 1040 1.5
139 7 1040 3
140 7 560 3
141 4 720 1.5
142 4 720 3
143 7 720 3
144 7 1200 3
145 6 1200 1
146 6 720 1
147 6 720 2.5
148 3 720 2.5
149 6 560 2.5
150 6 1040 2.5
151 6 1040 1
152 3 1040 1
153 2 1040 2.5
154 5 1040 2.5
155 5 1040 1
156 5 560 1
157 2 400 1.5
158 5 400 1.5
159 5 400 3
160 5 880 3
161 2 560 3
162 2 1040 3
163 5 1040 3
164 5 1040 1.5
165 7 1200 1.5
166 7 720 1.5
167 7 720 3
168 4 720 3
169 6 1040 1
170 6 560 1
171 6 560 2.5
172 3 560 2.5
173 4 1200 1.5
174 7 1200 1.5
175 7 720 1.5
176 7 720 3
177 6 560 1
178 3 560 1
179 3 560 2.5
180 3 1040 2.5
181 5 1200 2
182 5 1200 0.5
183 2 1200 0.5
184 2 720 0.5
185 6 720 2
186 6 1200 2
187 3 1200 2
188 3 1200 0.5
189 2 560 1.5
190 2 1040 1.5
191 2 1040 3
192 5 1040 3
193 5 1040 1.5
194 5 560 1.5
195 2 560 1.5
196 2 560 3
197 4 720 1
198 7 720 1
199 7 720 2.5
200 7 1200 2.5
201 5 720 1.5
202 2 720 1.5
203 2 720 3
204 2 1200 3
205 2 1040 3
206 5 1040 3
207 5 1040 1.5
208 5 560 1.5
209 4 880 2.5
210 4 400 2.5
211 7 400 2.5
212 7 400 1
213 4 560 3
214 7 560 3
215 7 560 1.5
216 7 1040 1.5
217 6 1200 2.5
218 6 1200 1
219 3 1200 1
220 3 720 1
221 6 1040 0.5
222 6 1040 2
223 3 1040 2
224 3 560 2
225 7 400 2
226 7 400 0.5
227 4 400 0.5
228 4 880 0.5
229 4 880 0.5
230 4 400 0.5
231 4 400 2
232 7 400 2
233 3 720 2
234 6 720 2
235 6 720 0.5
236 6 1200 0.5
237 4 560 1
238 4 1040 1
239 4 1040 2.5
240 7 1040 2.5
241 4 400 2
242 4 880 2
243 7 880 2
244 7 880 0.5
245 4 1200 2
246 7 1200 2
247 7 1200 0.5
248 7 720 0.5
249 2 1040 1.5
250 2 1040 3
251 2 560 3
252 5 560 3
253 5 880 1
254 2 880 1
255 2 400 1
256 2 400 2.5
