Seq	Host	Starttime	JobRuntime	Send	Receive	Exitval	Signal	Command
1	:	1781167603.674	    40.056	0	0	0	0	Rscript run_model.R 1 7 1040 1.5
2	:	1781167603.676	    40.058	0	0	0	0	Rscript run_model.R 2 7 560 1.5
3	:	1781167603.678	    40.059	0	0	0	0	Rscript run_model.R 3 4 560 1.5
4	:	1781167603.680	    40.062	0	0	0	0	Rscript run_model.R 4 4 560 3
6	:	1781167603.684	    40.062	0	0	0	0	Rscript run_model.R 6 2 1040 0.5
7	:	1781167603.686	    40.065	0	0	0	0	Rscript run_model.R 7 5 1040 0.5
8	:	1781167603.688	    40.067	0	0	0	0	Rscript run_model.R 8 5 560 0.5
9	:	1781167603.690	    40.067	0	0	0	0	Rscript run_model.R 9 7 880 1
11	:	1781167643.766	    12.621	0	0	0	0	Rscript run_model.R 11 4 880 2.5
12	:	1781167644.240	    12.229	0	0	0	0	Rscript run_model.R 12 4 400 2.5
14	:	1781167644.474	    12.121	0	0	0	0	Rscript run_model.R 14 4 400 2
15	:	1781167644.477	    12.121	0	0	0	0	Rscript run_model.R 15 4 400 0.5
13	:	1781167644.390	    12.224	0	0	0	0	Rscript run_model.R 13 4 880 2
16	:	1781167644.534	    12.164	0	0	0	0	Rscript run_model.R 16 7 400 0.5
18	:	1781167644.594	    12.176	0	0	0	0	Rscript run_model.R 18 2 1200 0.5
17	:	1781167644.577	    12.246	0	0	0	0	Rscript run_model.R 17 2 1200 2
20	:	1781167656.474	    11.230	0	0	0	0	Rscript run_model.R 20 5 720 0.5
19	:	1781167656.392	    11.341	0	0	0	0	Rscript run_model.R 19 5 1200 0.5
23	:	1781167656.621	    11.283	0	0	0	0	Rscript run_model.R 23 7 560 1
22	:	1781167656.614	    11.375	0	0	0	0	Rscript run_model.R 22 7 1040 1
25	:	1781167656.777	    11.416	0	0	0	0	Rscript run_model.R 25 6 720 1
21	:	1781167656.604	    11.617	0	0	0	0	Rscript run_model.R 21 4 1040 1
26	:	1781167656.838	    11.460	0	0	0	0	Rscript run_model.R 26 6 1200 1
24	:	1781167656.704	    11.601	0	0	0	0	Rscript run_model.R 24 7 560 2.5
27	:	1781167667.712	    11.789	0	0	0	0	Rscript run_model.R 27 3 1200 1
28	:	1781167667.738	    11.765	0	0	0	0	Rscript run_model.R 28 3 1200 2.5
29	:	1781167667.912	    11.594	0	0	0	0	Rscript run_model.R 29 3 1040 2
30	:	1781167667.995	    11.513	0	0	0	0	Rscript run_model.R 30 6 1040 2
33	:	1781167668.305	    11.372	0	0	0	0	Rscript run_model.R 33 6 1200 3
34	:	1781167668.322	    11.398	0	0	0	0	Rscript run_model.R 34 3 1200 3
31	:	1781167668.218	    11.526	0	0	0	0	Rscript run_model.R 31 6 1040 0.5
32	:	1781167668.233	    11.513	0	0	0	0	Rscript run_model.R 32 6 560 0.5
36	:	1781167679.516	    11.184	0	0	0	0	Rscript run_model.R 36 3 720 1.5
42	:	1781167679.756	    10.973	0	0	0	0	Rscript run_model.R 42 2 1040 3
40	:	1781167679.725	    11.036	0	0	0	0	Rscript run_model.R 40 3 720 1.5
35	:	1781167679.513	    11.279	0	0	0	0	Rscript run_model.R 35 3 1200 1.5
39	:	1781167679.720	    11.075	0	0	0	0	Rscript run_model.R 39 6 720 1.5
38	:	1781167679.683	    11.168	0	0	0	0	Rscript run_model.R 38 6 1200 1.5
37	:	1781167679.678	    11.233	0	0	0	0	Rscript run_model.R 37 6 1200 3
41	:	1781167679.751	    11.167	0	0	0	0	Rscript run_model.R 41 2 1040 1.5
43	:	1781167690.706	     1.089	0	0	1	0	Rscript run_model.R 43 5 1040 3
47	:	1781167690.813	     7.995	0	0	1	0	Rscript run_model.R 47 6 1200 2.5
44	:	1781167690.737	    10.599	0	0	0	0	Rscript run_model.R 44 5 560 3
45	:	1781167690.766	    10.573	0	0	0	0	Rscript run_model.R 45 3 1200 1
49	:	1781167690.919	    10.437	0	0	0	0	Rscript run_model.R 49 7 1040 0.5
46	:	1781167690.800	    10.565	0	0	0	0	Rscript run_model.R 46 6 1200 1
48	:	1781167690.857	    10.596	0	0	0	0	Rscript run_model.R 48 6 720 2.5
50	:	1781167690.923	    10.561	0	0	0	0	Rscript run_model.R 50 7 1040 2
51	:	1781167691.803	    11.605	0	0	0	0	Rscript run_model.R 51 4 1040 2
52	:	1781167698.813	    11.743	0	0	0	0	Rscript run_model.R 52 4 560 2
57	:	1781167701.459	    10.266	0	0	0	0	Rscript run_model.R 57 6 880 2
53	:	1781167701.344	    10.458	0	0	0	0	Rscript run_model.R 53 5 560 2
54	:	1781167701.348	    10.470	0	0	0	0	Rscript run_model.R 54 2 560 2
55	:	1781167701.362	    10.490	0	0	0	0	Rscript run_model.R 55 2 1040 2
56	:	1781167701.370	    10.515	0	0	0	0	Rscript run_model.R 56 2 1040 0.5
58	:	1781167701.490	    10.424	0	0	0	0	Rscript run_model.R 58 3 880 2
59	:	1781167703.414	    11.792	0	0	0	0	Rscript run_model.R 59 3 400 2
64	:	1781167711.858	     4.603	0	0	1	0	Rscript run_model.R 64 5 720 3
66	:	1781167711.919	     4.620	0	0	1	0	Rscript run_model.R 66 7 720 2.5
60	:	1781167710.563	    10.832	0	0	0	0	Rscript run_model.R 60 3 400 0.5
61	:	1781167711.732	    10.239	0	0	0	0	Rscript run_model.R 61 2 1200 1.5
63	:	1781167711.823	    10.151	0	0	0	0	Rscript run_model.R 63 5 720 1.5
62	:	1781167711.809	    10.316	0	0	0	0	Rscript run_model.R 62 2 720 1.5
65	:	1781167711.889	    10.259	0	0	0	0	Rscript run_model.R 65 7 1200 2.5
67	:	1781167715.216	    11.132	0	0	0	0	Rscript run_model.R 67 7 720 1
71	:	1781167721.982	     4.998	0	0	1	0	Rscript run_model.R 71 4 1200 1.5
69	:	1781167716.546	    10.661	0	0	0	0	Rscript run_model.R 69 7 720 1.5
68	:	1781167716.469	    10.746	0	0	0	0	Rscript run_model.R 68 4 720 1
73	:	1781167722.131	     7.323	0	0	1	0	Rscript run_model.R 73 4 1200 1
70	:	1781167721.401	    10.456	0	0	0	0	Rscript run_model.R 70 4 720 1.5
74	:	1781167722.152	    10.243	0	0	0	0	Rscript run_model.R 74 7 1200 1
72	:	1781167722.125	    10.309	0	0	0	0	Rscript run_model.R 72 4 1200 3
75	:	1781167726.354	    10.791	0	0	0	0	Rscript run_model.R 75 7 720 1
76	:	1781167726.986	    10.540	0	0	0	0	Rscript run_model.R 76 7 720 2.5
77	:	1781167727.216	    10.429	0	0	0	0	Rscript run_model.R 77 6 720 1
78	:	1781167727.221	    10.700	0	0	0	0	Rscript run_model.R 78 3 720 1
79	:	1781167729.461	    10.874	0	0	0	0	Rscript run_model.R 79 3 1200 1
80	:	1781167731.864	    10.510	0	0	0	0	Rscript run_model.R 80 3 1200 2.5
81	:	1781167732.400	    10.429	0	0	0	0	Rscript run_model.R 81 3 560 2
82	:	1781167732.441	    10.404	0	0	0	0	Rscript run_model.R 82 6 560 2
83	:	1781167737.152	    10.942	0	0	0	0	Rscript run_model.R 83 6 1040 2
85	:	1781167737.652	    10.640	0	0	0	0	Rscript run_model.R 85 5 560 1
84	:	1781167737.554	    10.769	0	0	0	0	Rscript run_model.R 84 6 1040 0.5
86	:	1781167737.935	    10.480	0	0	0	0	Rscript run_model.R 86 5 1040 1
87	:	1781167740.342	    10.963	0	0	0	0	Rscript run_model.R 87 2 1040 1
88	:	1781167742.381	    10.221	0	0	0	0	Rscript run_model.R 88 2 1040 2.5
89	:	1781167742.835	    10.407	0	0	0	0	Rscript run_model.R 89 2 1200 1
90	:	1781167742.852	    10.405	0	0	0	0	Rscript run_model.R 90 2 1200 2.5
91	:	1781167748.099	    10.486	0	0	0	0	Rscript run_model.R 91 5 1200 2.5
93	:	1781167748.328	    10.404	0	0	0	0	Rscript run_model.R 93 6 400 2
92	:	1781167748.297	    10.466	0	0	0	0	Rscript run_model.R 92 5 720 2.5
94	:	1781167748.427	    10.358	0	0	0	0	Rscript run_model.R 94 6 400 0.5
95	:	1781167751.312	    10.989	0	0	0	0	Rscript run_model.R 95 3 400 0.5
96	:	1781167752.608	    10.322	0	0	0	0	Rscript run_model.R 96 3 880 0.5
97	:	1781167753.249	    10.569	0	0	0	0	Rscript run_model.R 97 5 1200 1.5
98	:	1781167753.263	    10.556	0	0	0	0	Rscript run_model.R 98 2 1200 1.5
99	:	1781167758.591	    10.573	0	0	0	0	Rscript run_model.R 99 2 1200 3
100	:	1781167758.738	    10.430	0	0	0	0	Rscript run_model.R 100 2 720 3
102	:	1781167758.790	    10.380	0	0	0	0	Rscript run_model.R 102 2 720 3
101	:	1781167758.770	    10.450	0	0	0	0	Rscript run_model.R 101 2 720 1.5
103	:	1781167762.306	    10.835	0	0	0	0	Rscript run_model.R 103 5 720 3
104	:	1781167762.935	    10.416	0	0	0	0	Rscript run_model.R 104 5 1200 3
106	:	1781167763.860	    10.380	0	0	0	0	Rscript run_model.R 106 5 1040 0.5
105	:	1781167763.827	    10.479	0	0	0	0	Rscript run_model.R 105 5 1040 2
107	:	1781167769.177	    10.945	0	0	0	0	Rscript run_model.R 107 5 560 0.5
108	:	1781167769.180	    10.945	0	0	0	0	Rscript run_model.R 108 2 560 0.5
109	:	1781167769.221	    10.907	0	0	0	0	Rscript run_model.R 109 4 1040 0.5
110	:	1781167769.227	    10.903	0	0	0	0	Rscript run_model.R 110 4 560 0.5
111	:	1781167773.147	    10.837	0	0	0	0	Rscript run_model.R 111 7 560 0.5
112	:	1781167773.356	    10.638	0	0	0	0	Rscript run_model.R 112 7 560 2
113	:	1781167774.246	    10.990	0	0	0	0	Rscript run_model.R 113 7 880 0.5
114	:	1781167774.312	    10.927	0	0	0	0	Rscript run_model.R 114 4 880 0.5
115	:	1781167780.137	    10.513	0	0	0	0	Rscript run_model.R 115 4 880 2
116	:	1781167780.269	    10.575	0	0	0	0	Rscript run_model.R 116 4 400 2
118	:	1781167780.386	    10.460	0	0	0	0	Rscript run_model.R 118 7 560 0.5
117	:	1781167780.343	    10.791	0	0	0	0	Rscript run_model.R 117 7 1040 0.5
119	:	1781167783.992	    11.263	0	0	0	0	Rscript run_model.R 119 7 560 2
120	:	1781167784.000	    11.257	0	0	0	0	Rscript run_model.R 120 4 560 2
122	:	1781167785.282	    10.224	0	0	0	0	Rscript run_model.R 122 5 720 1
121	:	1781167785.246	    10.417	0	0	0	0	Rscript run_model.R 121 5 720 2.5
125	:	1781167790.924	     7.588	0	0	1	0	Rscript run_model.R 125 7 400 2
123	:	1781167790.656	    10.653	0	0	0	0	Rscript run_model.R 123 2 720 1
124	:	1781167790.852	    10.460	0	0	0	0	Rscript run_model.R 124 2 1200 1
126	:	1781167791.140	    10.317	0	0	0	0	Rscript run_model.R 126 7 400 0.5
130	:	1781167795.669	     6.435	0	0	1	0	Rscript run_model.R 130 3 720 3
129	:	1781167795.513	    10.384	0	0	0	0	Rscript run_model.R 129 3 720 1.5
127	:	1781167795.264	    10.639	0	0	0	0	Rscript run_model.R 127 7 880 0.5
128	:	1781167795.364	    10.543	0	0	0	0	Rscript run_model.R 128 4 880 0.5
131	:	1781167798.518	    10.831	0	0	0	0	Rscript run_model.R 131 3 1200 3
132	:	1781167801.317	    10.092	0	0	0	0	Rscript run_model.R 132 6 1200 3
133	:	1781167801.397	    10.103	0	0	0	0	Rscript run_model.R 133 6 1040 1
134	:	1781167801.464	    10.051	0	0	0	0	Rscript run_model.R 134 3 1040 1
135	:	1781167802.108	    10.619	0	0	0	0	Rscript run_model.R 135 3 560 1
138	:	1781167805.914	    10.490	0	0	0	0	Rscript run_model.R 138 7 1040 1.5
136	:	1781167805.903	    10.518	0	0	0	0	Rscript run_model.R 136 3 560 2.5
137	:	1781167805.908	    10.516	0	0	0	0	Rscript run_model.R 137 4 1040 1.5
141	:	1781167811.508	     7.764	0	0	1	0	Rscript run_model.R 141 4 720 1.5
139	:	1781167809.356	    11.019	0	0	0	0	Rscript run_model.R 139 7 1040 3
140	:	1781167811.414	    10.356	0	0	0	0	Rscript run_model.R 140 7 560 3
142	:	1781167811.521	    10.259	0	0	0	0	Rscript run_model.R 142 4 720 3
143	:	1781167812.733	    10.861	0	0	0	0	Rscript run_model.R 143 7 720 3
144	:	1781167816.410	    10.744	0	0	0	0	Rscript run_model.R 144 7 1200 3
145	:	1781167816.428	    10.729	0	0	0	0	Rscript run_model.R 145 6 1200 1
146	:	1781167816.459	    10.699	0	0	0	0	Rscript run_model.R 146 6 720 1
147	:	1781167819.277	    10.903	0	0	0	0	Rscript run_model.R 147 6 720 2.5
148	:	1781167820.382	    10.848	0	0	0	0	Rscript run_model.R 148 3 720 2.5
150	:	1781167821.787	    10.738	0	0	0	0	Rscript run_model.R 150 6 1040 2.5
149	:	1781167821.777	    10.755	0	0	0	0	Rscript run_model.R 149 6 560 2.5
151	:	1781167823.601	    10.929	0	0	0	0	Rscript run_model.R 151 6 1040 1
152	:	1781167827.165	    11.238	0	0	0	0	Rscript run_model.R 152 3 1040 1
153	:	1781167827.255	    11.149	0	0	0	0	Rscript run_model.R 153 2 1040 2.5
154	:	1781167827.306	    11.101	0	0	0	0	Rscript run_model.R 154 5 1040 2.5
155	:	1781167830.186	    11.123	0	0	0	0	Rscript run_model.R 155 5 1040 1
156	:	1781167831.237	    10.740	0	0	0	0	Rscript run_model.R 156 5 560 1
157	:	1781167832.531	    10.868	0	0	0	0	Rscript run_model.R 157 2 400 1.5
158	:	1781167832.537	    10.875	0	0	0	0	Rscript run_model.R 158 5 400 1.5
159	:	1781167834.536	    11.164	0	0	0	0	Rscript run_model.R 159 5 400 3
160	:	1781167838.411	    11.148	0	0	0	0	Rscript run_model.R 160 5 880 3
161	:	1781167838.512	    11.050	0	0	0	0	Rscript run_model.R 161 2 560 3
162	:	1781167838.569	    10.996	0	0	0	0	Rscript run_model.R 162 2 1040 3
163	:	1781167841.317	    10.814	0	0	0	0	Rscript run_model.R 163 5 1040 3
164	:	1781167841.983	    10.763	0	0	0	0	Rscript run_model.R 164 5 1040 1.5
165	:	1781167843.406	    10.929	0	0	0	0	Rscript run_model.R 165 7 1200 1.5
166	:	1781167843.419	    10.919	0	0	0	0	Rscript run_model.R 166 7 720 1.5
167	:	1781167845.705	    11.101	0	0	0	0	Rscript run_model.R 167 7 720 3
169	:	1781167849.675	    10.865	0	0	0	0	Rscript run_model.R 169 6 1040 1
168	:	1781167849.571	    10.977	0	0	0	0	Rscript run_model.R 168 4 720 3
170	:	1781167849.735	    10.816	0	0	0	0	Rscript run_model.R 170 6 560 1
175	:	1781167856.812	    10.744	0	0	0	0	Rscript run_model.R 175 7 720 1.5
5	:	1781167603.682	  2439.050	0	33701	0	0	Rscript run_model.R 5 2 1040 2
10	:	1781167603.692	  2451.025	0	32901	0	0	Rscript run_model.R 10 7 880 2.5
171	:	1781167852.137	  2382.330	0	38154	0	0	Rscript run_model.R 171 6 560 2.5
172	:	1781167852.751	  2425.861	0	38181	0	0	Rscript run_model.R 172 3 560 2.5
177	:	1781167860.556	  2449.311	0	38181	0	0	Rscript run_model.R 177 6 560 1
178	:	1781167860.589	  2449.811	0	38181	0	0	Rscript run_model.R 178 3 560 1
176	:	1781167860.547	  2465.991	0	32101	0	0	Rscript run_model.R 176 7 720 3
174	:	1781167854.386	  2489.598	0	33061	0	0	Rscript run_model.R 174 7 1200 1.5
179	:	1781167867.561	  2481.035	0	38181	0	0	Rscript run_model.R 179 3 560 2.5
173	:	1781167854.343	  2495.983	0	33061	0	0	Rscript run_model.R 173 4 1200 1.5
180	:	1781170042.821	  2461.962	0	33701	0	0	Rscript run_model.R 180 3 1040 2.5
181	:	1781170054.734	  2466.391	0	33061	0	0	Rscript run_model.R 181 5 1200 2
182	:	1781170234.486	  2345.929	0	33004	0	0	Rscript run_model.R 182 5 1200 0.5
183	:	1781170278.628	  2411.151	0	28901	0	0	Rscript run_model.R 183 2 1200 0.5
184	:	1781170309.882	  2456.085	0	32101	0	0	Rscript run_model.R 184 2 720 0.5
185	:	1781170310.414	  2461.473	0	32101	0	0	Rscript run_model.R 185 6 720 2
186	:	1781170326.552	  2476.414	0	33061	0	0	Rscript run_model.R 186 6 1200 2
188	:	1781170348.612	  2463.503	0	33061	0	0	Rscript run_model.R 188 3 1200 0.5
189	:	1781170350.340	  2478.190	0	38181	0	0	Rscript run_model.R 189 2 560 1.5
187	:	1781170344.009	  2504.863	0	33061	0	0	Rscript run_model.R 187 3 1200 2
190	:	1781172504.861	  2444.118	0	33701	0	0	Rscript run_model.R 190 2 1040 1.5
191	:	1781172521.298	  2474.121	0	33701	0	0	Rscript run_model.R 191 2 1040 3
192	:	1781172580.431	  2475.921	0	33701	0	0	Rscript run_model.R 192 5 1040 3
193	:	1781172689.794	  2484.572	0	33701	0	0	Rscript run_model.R 193 5 1040 1.5
194	:	1781172765.983	  2461.557	0	38181	0	0	Rscript run_model.R 194 5 560 1.5
195	:	1781172771.901	  2463.647	0	38181	0	0	Rscript run_model.R 195 2 560 1.5
196	:	1781172802.983	  2454.797	0	38181	0	0	Rscript run_model.R 196 2 560 3
197	:	1781172812.368	  2450.269	0	32101	0	0	Rscript run_model.R 197 4 720 1
198	:	1781172828.545	  2473.875	0	32101	0	0	Rscript run_model.R 198 7 720 1
199	:	1781172848.889	  2457.492	0	32101	0	0	Rscript run_model.R 199 7 720 2.5
200	:	1781174948.996	  2501.589	0	33061	0	0	Rscript run_model.R 200 7 1200 2.5
201	:	1781174995.435	  2501.827	0	32101	0	0	Rscript run_model.R 201 5 720 1.5
202	:	1781175056.368	  2495.231	0	32101	0	0	Rscript run_model.R 202 2 720 1.5
203	:	1781175174.382	  2481.075	0	32101	0	0	Rscript run_model.R 203 2 720 3
204	:	1781175227.556	  2435.013	0	28901	0	0	Rscript run_model.R 204 2 1200 3
205	:	1781175235.562	  2494.010	0	33701	0	0	Rscript run_model.R 205 2 1040 3
206	:	1781175257.794	  2500.587	0	33701	0	0	Rscript run_model.R 206 5 1040 3
207	:	1781175262.652	  2504.417	0	33701	0	0	Rscript run_model.R 207 5 1040 1.5
208	:	1781175302.433	  2495.472	0	38181	0	0	Rscript run_model.R 208 5 560 1.5
209	:	1781175306.395	  2504.338	0	32901	0	0	Rscript run_model.R 209 4 880 2.5
210	:	1781177450.602	  2480.970	0	39781	0	0	Rscript run_model.R 210 4 400 2.5
211	:	1781177497.275	  2502.922	0	39781	0	0	Rscript run_model.R 211 7 400 2.5
212	:	1781177551.613	  2509.140	0	39781	0	0	Rscript run_model.R 212 7 400 1
213	:	1781177655.471	  2463.160	0	38181	0	0	Rscript run_model.R 213 4 560 3
214	:	1781177662.583	  2513.959	0	38181	0	0	Rscript run_model.R 214 7 560 3
215	:	1781177729.588	  2491.713	0	38181	0	0	Rscript run_model.R 215 7 560 1.5
216	:	1781177758.395	  2477.474	0	33701	0	0	Rscript run_model.R 216 7 1040 1.5
217	:	1781177767.345	  2493.194	0	33061	0	0	Rscript run_model.R 217 6 1200 2.5
218	:	1781177797.921	  2487.732	0	33061	0	0	Rscript run_model.R 218 6 1200 1
219	:	1781177810.748	  2475.654	0	33061	0	0	Rscript run_model.R 219 3 1200 1
220	:	1781179931.587	  2456.041	0	32101	0	0	Rscript run_model.R 220 3 720 1
221	:	1781180000.411	  2472.576	0	33701	0	0	Rscript run_model.R 221 6 1040 0.5
222	:	1781180060.767	  2469.559	0	33701	0	0	Rscript run_model.R 222 6 1040 2
223	:	1781180118.645	  2419.101	0	33701	0	0	Rscript run_model.R 223 3 1040 2
224	:	1781180176.556	  2463.690	0	38181	0	0	Rscript run_model.R 224 3 560 2
225	:	1781180221.317	  2463.302	0	39781	0	0	Rscript run_model.R 225 7 400 2
226	:	1781180235.885	  2472.877	0	39781	0	0	Rscript run_model.R 226 7 400 0.5
227	:	1781180260.553	  2466.105	0	39781	0	0	Rscript run_model.R 227 4 400 0.5
228	:	1781180285.666	  2464.653	0	32901	0	0	Rscript run_model.R 228 4 880 0.5
229	:	1781180286.423	  2464.146	0	32901	0	0	Rscript run_model.R 229 4 880 0.5
230	:	1781182387.643	  2471.035	0	39781	0	0	Rscript run_model.R 230 4 400 0.5
231	:	1781182473.001	  2477.687	0	39781	0	0	Rscript run_model.R 231 4 400 2
233	:	1781182537.759	  2459.674	0	32101	0	0	Rscript run_model.R 233 3 720 2
232	:	1781182530.606	  2487.266	0	39781	0	0	Rscript run_model.R 232 7 400 2
234	:	1781182640.503	  2448.387	0	32101	0	0	Rscript run_model.R 234 6 720 2
235	:	1781182684.632	  2448.283	0	32101	0	0	Rscript run_model.R 235 6 720 0.5
237	:	1781182726.671	  2468.096	0	38181	0	0	Rscript run_model.R 237 4 560 1
236	:	1781182708.772	  2486.156	0	33061	0	0	Rscript run_model.R 236 6 1200 0.5
239	:	1781182750.581	  2467.316	0	33701	0	0	Rscript run_model.R 239 4 1040 2.5
238	:	1781182750.331	  2469.921	0	33701	0	0	Rscript run_model.R 238 4 1040 1
240	:	1781184858.692	  2506.335	0	33701	0	0	Rscript run_model.R 240 7 1040 2.5
241	:	1781184950.703	  2538.062	0	39781	0	0	Rscript run_model.R 241 4 400 2
242	:	1781184997.448	  2515.312	0	32901	0	0	Rscript run_model.R 242 4 880 2
243	:	1781185017.888	  2538.654	0	32901	0	0	Rscript run_model.R 243 7 880 2
244	:	1781185088.902	  2521.667	0	32901	0	0	Rscript run_model.R 244 7 880 0.5
245	:	1781185132.928	  2544.434	0	33061	0	0	Rscript run_model.R 245 4 1200 2
250	:	1781187365.230	   313.244	0	5221	1	0	Rscript run_model.R 250 2 1040 3
247	:	1781185194.938	  2525.433	0	33061	0	0	Rscript run_model.R 247 7 1200 0.5
246	:	1781185194.781	  2538.137	0	33061	0	0	Rscript run_model.R 246 7 1200 2
248	:	1781185217.910	  2532.424	0	32101	0	0	Rscript run_model.R 248 7 720 0.5
249	:	1781185220.265	  2540.661	0	33701	0	0	Rscript run_model.R 249 2 1040 1.5
