Seq	Host	Starttime	JobRuntime	Send	Receive	Exitval	Signal	Command
1	:	1778484476.351	    14.092	0	0	0	0	Rscript run_model.R 1 7 1040 1.5
2	:	1778484476.353	    14.095	0	0	0	0	Rscript run_model.R 2 7 560 1.5
3	:	1778484476.355	    14.095	0	0	0	0	Rscript run_model.R 3 4 560 1.5
4	:	1778484476.357	    14.096	0	0	0	0	Rscript run_model.R 4 4 560 3
5	:	1778484476.359	    14.098	0	0	0	0	Rscript run_model.R 5 2 1040 2
6	:	1778484490.993	    13.647	0	0	0	0	Rscript run_model.R 6 2 1040 0.5
7	:	1778484490.997	    13.645	0	0	0	0	Rscript run_model.R 7 5 1040 0.5
8	:	1778484491.538	    13.108	0	0	0	0	Rscript run_model.R 8 5 560 0.5
9	:	1778484491.701	    12.949	0	0	0	0	Rscript run_model.R 9 7 880 1
10	:	1778484491.705	    13.012	0	0	0	0	Rscript run_model.R 10 7 880 2.5
11	:	1778484504.657	    13.599	0	0	0	0	Rscript run_model.R 11 4 880 2.5
12	:	1778484504.717	    13.543	0	0	0	0	Rscript run_model.R 12 4 400 2.5
15	:	1778484504.786	    13.477	0	0	0	0	Rscript run_model.R 15 4 400 0.5
13	:	1778484504.723	    13.601	0	0	0	0	Rscript run_model.R 13 4 880 2
14	:	1778484504.762	    13.687	0	0	0	0	Rscript run_model.R 14 4 400 2
16	:	1778484518.270	    13.901	0	0	0	0	Rscript run_model.R 16 7 400 0.5
17	:	1778484518.325	    14.092	0	0	0	0	Rscript run_model.R 17 2 1200 2
18	:	1778484518.331	    14.089	0	0	0	0	Rscript run_model.R 18 2 1200 0.5
20	:	1778484518.456	    13.967	0	0	0	0	Rscript run_model.R 20 5 720 0.5
21	:	1778484532.430	    13.329	0	0	0	0	Rscript run_model.R 21 4 1040 1
22	:	1778484532.695	    13.217	0	0	0	0	Rscript run_model.R 22 7 1040 1
23	:	1778484532.844	    13.457	0	0	0	0	Rscript run_model.R 23 7 560 1
24	:	1778484532.926	    13.378	0	0	0	0	Rscript run_model.R 24 7 560 2.5
25	:	1778484545.766	    14.095	0	0	0	0	Rscript run_model.R 25 6 720 1
26	:	1778484545.919	    13.944	0	0	0	0	Rscript run_model.R 26 6 1200 1
27	:	1778484546.312	    13.553	0	0	0	0	Rscript run_model.R 27 3 1200 1
28	:	1778484546.338	    13.529	0	0	0	0	Rscript run_model.R 28 3 1200 2.5
29	:	1778484559.875	    13.273	0	0	0	0	Rscript run_model.R 29 3 1040 2
30	:	1778484560.378	    13.032	0	0	0	0	Rscript run_model.R 30 6 1040 2
31	:	1778484560.526	    12.989	0	0	0	0	Rscript run_model.R 31 6 1040 0.5
32	:	1778484560.621	    12.896	0	0	0	0	Rscript run_model.R 32 6 560 0.5
35	:	1778484573.523	    13.209	0	0	0	0	Rscript run_model.R 35 3 1200 1.5
33	:	1778484573.349	    13.395	0	0	0	0	Rscript run_model.R 33 6 1200 3
36	:	1778484573.549	    13.220	0	0	0	0	Rscript run_model.R 36 3 720 1.5
34	:	1778484573.416	    13.390	0	0	0	0	Rscript run_model.R 34 3 1200 3
40	:	1778484586.812	    13.641	0	0	0	0	Rscript run_model.R 40 3 720 1.5
39	:	1778484586.776	    13.680	0	0	0	0	Rscript run_model.R 39 6 720 1.5
37	:	1778484586.739	    13.771	0	0	0	0	Rscript run_model.R 37 6 1200 3
38	:	1778484586.751	    13.763	0	0	0	0	Rscript run_model.R 38 6 1200 1.5
41	:	1778484600.462	    13.606	0	0	0	0	Rscript run_model.R 41 2 1040 1.5
42	:	1778484600.511	    13.785	0	0	0	0	Rscript run_model.R 42 2 1040 3
43	:	1778484600.520	    13.779	0	0	0	0	Rscript run_model.R 43 5 1040 3
44	:	1778484600.560	    13.741	0	0	0	0	Rscript run_model.R 44 5 560 3
46	:	1778484614.578	    12.947	0	0	0	0	Rscript run_model.R 46 6 1200 1
45	:	1778484614.307	    13.271	0	0	0	0	Rscript run_model.R 45 3 1200 1
47	:	1778484614.729	    12.905	0	0	0	0	Rscript run_model.R 47 6 1200 2.5
48	:	1778484614.813	    12.825	0	0	0	0	Rscript run_model.R 48 6 720 2.5
51	:	1778484627.644	    13.118	0	0	0	0	Rscript run_model.R 51 4 1040 2
49	:	1778484627.532	    13.281	0	0	0	0	Rscript run_model.R 49 7 1040 0.5
50	:	1778484627.585	    13.231	0	0	0	0	Rscript run_model.R 50 7 1040 2
52	:	1778484627.668	    13.151	0	0	0	0	Rscript run_model.R 52 4 560 2
54	:	1778484640.826	    13.085	0	0	0	0	Rscript run_model.R 54 2 560 2
53	:	1778484640.770	    13.174	0	0	0	0	Rscript run_model.R 53 5 560 2
55	:	1778484640.902	    13.274	0	0	0	0	Rscript run_model.R 55 2 1040 2
56	:	1778484640.905	    13.273	0	0	0	0	Rscript run_model.R 56 2 1040 0.5
57	:	1778484653.918	    13.410	0	0	0	0	Rscript run_model.R 57 6 880 2
58	:	1778484653.951	    13.380	0	0	0	0	Rscript run_model.R 58 3 880 2
59	:	1778484654.185	    13.149	0	0	0	0	Rscript run_model.R 59 3 400 2
60	:	1778484654.209	    13.127	0	0	0	0	Rscript run_model.R 60 3 400 0.5
61	:	1778484667.343	    13.845	0	0	0	0	Rscript run_model.R 61 2 1200 1.5
62	:	1778484667.607	    13.812	0	0	0	0	Rscript run_model.R 62 2 720 1.5
63	:	1778484667.755	    13.667	0	0	0	0	Rscript run_model.R 63 5 720 1.5
64	:	1778484667.837	    13.589	0	0	0	0	Rscript run_model.R 64 5 720 3
65	:	1778484681.432	    13.605	0	0	0	0	Rscript run_model.R 65 7 1200 2.5
66	:	1778484681.694	    13.576	0	0	0	0	Rscript run_model.R 66 7 720 2.5
67	:	1778484681.840	    13.434	0	0	0	0	Rscript run_model.R 67 7 720 1
68	:	1778484681.921	    13.355	0	0	0	0	Rscript run_model.R 68 4 720 1
71	:	1778484695.688	    12.304	0	0	0	0	Rscript run_model.R 71 4 1200 1.5
69	:	1778484695.283	    12.980	0	0	0	0	Rscript run_model.R 69 7 720 1.5
70	:	1778484695.543	    12.723	0	0	0	0	Rscript run_model.R 70 4 720 1.5
72	:	1778484695.768	    12.502	0	0	0	0	Rscript run_model.R 72 4 1200 3
73	:	1778484707.998	    12.808	0	0	0	0	Rscript run_model.R 73 4 1200 1
76	:	1778484708.352	    12.526	0	0	0	0	Rscript run_model.R 76 7 720 2.5
75	:	1778484708.348	    12.579	0	0	0	0	Rscript run_model.R 75 7 720 1
74	:	1778484708.276	    12.657	0	0	0	0	Rscript run_model.R 74 7 1200 1
77	:	1778484720.812	    13.473	0	0	0	0	Rscript run_model.R 77 6 720 1
78	:	1778484720.884	    13.404	0	0	0	0	Rscript run_model.R 78 3 720 1
79	:	1778484720.934	    13.358	0	0	0	0	Rscript run_model.R 79 3 1200 1
80	:	1778484720.940	    13.353	0	0	0	0	Rscript run_model.R 80 3 1200 2.5
81	:	1778484734.299	    12.953	0	0	0	0	Rscript run_model.R 81 3 560 2
84	:	1778484734.801	    12.641	0	0	0	0	Rscript run_model.R 84 6 1040 0.5
82	:	1778484734.569	    12.936	0	0	0	0	Rscript run_model.R 82 6 560 2
83	:	1778484734.718	    12.867	0	0	0	0	Rscript run_model.R 83 6 1040 2
85	:	1778484747.258	    13.767	0	0	0	0	Rscript run_model.R 85 5 560 1
86	:	1778484747.449	    13.778	0	0	0	0	Rscript run_model.R 86 5 1040 1
87	:	1778484747.510	    13.720	0	0	0	0	Rscript run_model.R 87 2 1040 1
88	:	1778484747.591	    13.641	0	0	0	0	Rscript run_model.R 88 2 1040 2.5
89	:	1778484761.238	    12.962	0	0	0	0	Rscript run_model.R 89 2 1200 1
90	:	1778484761.500	    12.703	0	0	0	0	Rscript run_model.R 90 2 1200 2.5
91	:	1778484761.646	    13.011	0	0	0	0	Rscript run_model.R 91 5 1200 2.5
92	:	1778484761.728	    12.988	0	0	0	0	Rscript run_model.R 92 5 720 2.5
93	:	1778484774.209	    13.096	0	0	0	0	Rscript run_model.R 93 6 400 2
95	:	1778484774.664	    12.644	0	0	0	0	Rscript run_model.R 95 3 400 0.5
96	:	1778484774.722	    12.590	0	0	0	0	Rscript run_model.R 96 3 880 0.5
94	:	1778484774.469	    12.876	0	0	0	0	Rscript run_model.R 94 6 400 0.5
97	:	1778484787.317	    13.264	0	0	0	0	Rscript run_model.R 97 5 1200 1.5
98	:	1778484787.346	    13.236	0	0	0	0	Rscript run_model.R 98 2 1200 1.5
99	:	1778484787.352	    13.233	0	0	0	0	Rscript run_model.R 99 2 1200 3
100	:	1778484787.392	    13.197	0	0	0	0	Rscript run_model.R 100 2 720 3
102	:	1778484800.866	    12.989	0	0	0	0	Rscript run_model.R 102 2 720 3
101	:	1778484800.595	    13.263	0	0	0	0	Rscript run_model.R 101 2 720 1.5
103	:	1778484801.184	    13.139	0	0	0	0	Rscript run_model.R 103 5 720 3
104	:	1778484801.273	    13.053	0	0	0	0	Rscript run_model.R 104 5 1200 3
105	:	1778484813.864	    12.783	0	0	0	0	Rscript run_model.R 105 5 1040 2
106	:	1778484814.324	    12.936	0	0	0	0	Rscript run_model.R 106 5 1040 0.5
107	:	1778484814.332	    12.930	0	0	0	0	Rscript run_model.R 107 5 560 0.5
108	:	1778484814.372	    12.894	0	0	0	0	Rscript run_model.R 108 2 560 0.5
109	:	1778484826.654	    12.760	0	0	0	0	Rscript run_model.R 109 4 1040 0.5
112	:	1778484827.397	    12.304	0	0	0	0	Rscript run_model.R 112 7 560 2
110	:	1778484827.271	    13.005	0	0	0	0	Rscript run_model.R 110 4 560 0.5
111	:	1778484827.351	    12.927	0	0	0	0	Rscript run_model.R 111 7 560 0.5
113	:	1778484839.421	    12.894	0	0	0	0	Rscript run_model.R 113 7 880 0.5
114	:	1778484839.708	    12.611	0	0	0	0	Rscript run_model.R 114 4 880 0.5
115	:	1778484840.285	    13.006	0	0	0	0	Rscript run_model.R 115 4 880 2
116	:	1778484840.328	    12.965	0	0	0	0	Rscript run_model.R 116 4 400 2
117	:	1778484852.324	    12.910	0	0	0	0	Rscript run_model.R 117 7 1040 0.5
118	:	1778484852.589	    12.648	0	0	0	0	Rscript run_model.R 118 7 560 0.5
119	:	1778484853.301	    13.103	0	0	0	0	Rscript run_model.R 119 7 560 2
120	:	1778484853.353	    13.134	0	0	0	0	Rscript run_model.R 120 4 560 2
121	:	1778484865.242	    13.171	0	0	0	0	Rscript run_model.R 121 5 720 2.5
122	:	1778484865.492	    12.964	0	0	0	0	Rscript run_model.R 122 5 720 1
123	:	1778484866.411	    13.963	0	0	0	0	Rscript run_model.R 123 2 720 1
124	:	1778484866.494	    13.884	0	0	0	0	Rscript run_model.R 124 2 1200 1
125	:	1778484878.420	    13.510	0	0	0	0	Rscript run_model.R 125 7 400 2
126	:	1778484878.464	    13.470	0	0	0	0	Rscript run_model.R 126 7 400 0.5
127	:	1778484880.384	    13.404	0	0	0	0	Rscript run_model.R 127 7 880 0.5
128	:	1778484880.442	    13.348	0	0	0	0	Rscript run_model.R 128 4 880 0.5
129	:	1778484891.939	    13.615	0	0	0	0	Rscript run_model.R 129 3 720 1.5
130	:	1778484891.943	    13.612	0	0	0	0	Rscript run_model.R 130 3 720 3
131	:	1778484893.796	    13.490	0	0	0	0	Rscript run_model.R 131 3 1200 3
132	:	1778484893.901	    13.388	0	0	0	0	Rscript run_model.R 132 6 1200 3
133	:	1778484905.562	    13.243	0	0	0	0	Rscript run_model.R 133 6 1040 1
134	:	1778484905.808	    13.000	0	0	0	0	Rscript run_model.R 134 3 1040 1
135	:	1778484907.295	    14.174	0	0	0	0	Rscript run_model.R 135 3 560 1
136	:	1778484907.357	    14.114	0	0	0	0	Rscript run_model.R 136 3 560 2.5
137	:	1778484918.814	    13.062	0	0	0	0	Rscript run_model.R 137 4 1040 1.5
138	:	1778484919.311	    13.036	0	0	0	0	Rscript run_model.R 138 7 1040 1.5
139	:	1778484921.478	    13.501	0	0	0	0	Rscript run_model.R 139 7 1040 3
140	:	1778484921.558	    13.424	0	0	0	0	Rscript run_model.R 140 7 560 3
141	:	1778484931.882	    12.947	0	0	0	0	Rscript run_model.R 141 4 720 1.5
142	:	1778484932.354	    12.856	0	0	0	0	Rscript run_model.R 142 4 720 3
143	:	1778484934.988	    12.899	0	0	0	0	Rscript run_model.R 143 7 720 3
144	:	1778484935.299	    12.670	0	0	0	0	Rscript run_model.R 144 7 1200 3
145	:	1778484944.836	    13.054	0	0	0	0	Rscript run_model.R 145 6 1200 1
146	:	1778484945.217	    12.723	0	0	0	0	Rscript run_model.R 146 6 720 1
147	:	1778484947.892	    13.529	0	0	0	0	Rscript run_model.R 147 6 720 2.5
148	:	1778484947.975	    13.451	0	0	0	0	Rscript run_model.R 148 3 720 2.5
149	:	1778484957.896	    12.917	0	0	0	0	Rscript run_model.R 149 6 560 2.5
150	:	1778484957.947	    12.868	0	0	0	0	Rscript run_model.R 150 6 1040 2.5
151	:	1778484961.432	    13.139	0	0	0	0	Rscript run_model.R 151 6 1040 1
152	:	1778484961.516	    13.059	0	0	0	0	Rscript run_model.R 152 3 1040 1
153	:	1778484970.821	    12.984	0	0	0	0	Rscript run_model.R 153 2 1040 2.5
154	:	1778484970.825	    12.983	0	0	0	0	Rscript run_model.R 154 5 1040 2.5
156	:	1778484974.721	    12.812	0	0	0	0	Rscript run_model.R 156 5 560 1
155	:	1778484974.581	    12.960	0	0	0	0	Rscript run_model.R 155 5 1040 1
157	:	1778484983.815	    13.027	0	0	0	0	Rscript run_model.R 157 2 400 1.5
158	:	1778484984.291	    13.004	0	0	0	0	Rscript run_model.R 158 5 400 1.5
159	:	1778484987.540	    13.773	0	0	0	0	Rscript run_model.R 159 5 400 3
160	:	1778484987.548	    13.768	0	0	0	0	Rscript run_model.R 160 5 880 3
161	:	1778484996.848	    13.039	0	0	0	0	Rscript run_model.R 161 2 560 3
162	:	1778484997.301	    13.016	0	0	0	0	Rscript run_model.R 162 2 1040 3
164	:	1778485001.325	    13.473	0	0	0	0	Rscript run_model.R 164 5 1040 1.5
163	:	1778485001.322	    13.479	0	0	0	0	Rscript run_model.R 163 5 1040 3
165	:	1778485009.894	    12.973	0	0	0	0	Rscript run_model.R 165 7 1200 1.5
166	:	1778485010.324	    12.941	0	0	0	0	Rscript run_model.R 166 7 720 1.5
167	:	1778485014.807	    13.550	0	0	0	0	Rscript run_model.R 167 7 720 3
168	:	1778485014.922	    13.437	0	0	0	0	Rscript run_model.R 168 4 720 3
169	:	1778485022.874	    12.869	0	0	0	0	Rscript run_model.R 169 6 1040 1
170	:	1778485023.271	    12.603	0	0	0	0	Rscript run_model.R 170 6 560 1
171	:	1778485028.365	    13.256	0	0	0	0	Rscript run_model.R 171 6 560 2.5
172	:	1778485028.481	    13.143	0	0	0	0	Rscript run_model.R 172 3 560 2.5
173	:	1778485035.750	    13.726	0	0	0	0	Rscript run_model.R 173 4 1200 1.5
174	:	1778485035.880	    13.599	0	0	0	0	Rscript run_model.R 174 7 1200 1.5
176	:	1778485041.758	    13.186	0	0	0	0	Rscript run_model.R 176 7 720 3
175	:	1778485041.629	    13.317	0	0	0	0	Rscript run_model.R 175 7 720 1.5
177	:	1778485049.485	    13.797	0	0	0	0	Rscript run_model.R 177 6 560 1
178	:	1778485049.489	    13.796	0	0	0	0	Rscript run_model.R 178 3 560 1
179	:	1778485054.952	    12.780	0	0	0	0	Rscript run_model.R 179 3 560 2.5
180	:	1778485055.348	    12.967	0	0	0	0	Rscript run_model.R 180 3 1040 2.5
181	:	1778485063.291	    13.631	0	0	0	0	Rscript run_model.R 181 5 1200 2
182	:	1778485063.474	    13.450	0	0	0	0	Rscript run_model.R 182 5 1200 0.5
183	:	1778485067.737	    12.865	0	0	0	0	Rscript run_model.R 183 2 1200 0.5
184	:	1778485068.322	    12.524	0	0	0	0	Rscript run_model.R 184 2 720 0.5
185	:	1778485076.930	    13.401	0	0	0	0	Rscript run_model.R 185 6 720 2
186	:	1778485076.933	    13.401	0	0	0	0	Rscript run_model.R 186 6 1200 2
188	:	1778485080.853	    12.773	0	0	0	0	Rscript run_model.R 188 3 1200 0.5
187	:	1778485080.608	    13.020	0	0	0	0	Rscript run_model.R 187 3 1200 2
189	:	1778485090.340	    13.401	0	0	0	0	Rscript run_model.R 189 2 560 1.5
19	:	1778484518.372	  1087.441	0	78419	0	0	Rscript run_model.R 19 5 1200 0.5
190	:	1778485090.540	  1102.897	0	50444	0	0	Rscript run_model.R 190 2 1040 1.5
191	:	1778485093.634	  1101.850	0	24051	0	0	Rscript run_model.R 191 2 1040 3
192	:	1778485093.732	  1105.046	0	24051	0	0	Rscript run_model.R 192 5 1040 3
193	:	1778485103.747	  1105.546	0	49113	0	0	Rscript run_model.R 193 5 1040 1.5
194	:	1778485605.833	  1107.098	0	53178	0	0	Rscript run_model.R 194 5 560 1.5
195	:	1778486193.469	  1122.088	0	53178	0	0	Rscript run_model.R 195 2 560 1.5
196	:	1778486195.495	  1123.995	0	27361	0	0	Rscript run_model.R 196 2 560 3
197	:	1778486198.788	  1131.714	0	58839	0	0	Rscript run_model.R 197 4 720 1
198	:	1778486209.304	  1123.218	0	58839	0	0	Rscript run_model.R 198 7 720 1
199	:	1778486712.963	  1101.618	0	31163	0	0	Rscript run_model.R 199 7 720 2.5
200	:	1778487315.572	  1107.933	0	28973	0	0	Rscript run_model.R 200 7 1200 2.5
201	:	1778487319.502	  1119.312	0	51893	0	0	Rscript run_model.R 201 5 720 1.5
202	:	1778487330.518	  1115.799	0	51304	0	0	Rscript run_model.R 202 2 720 1.5
203	:	1778487332.537	  1113.792	0	25971	0	0	Rscript run_model.R 203 2 720 3
204	:	1778487814.592	  1084.846	0	23410	0	0	Rscript run_model.R 204 2 1200 3
205	:	1778488423.532	  1105.001	0	24051	0	0	Rscript run_model.R 205 2 1040 3
206	:	1778488438.830	  1109.038	0	24051	0	0	Rscript run_model.R 206 5 1040 3
207	:	1778488446.339	  1115.227	0	49113	0	0	Rscript run_model.R 207 5 1040 1.5
208	:	1778488446.342	  1118.956	0	53178	0	0	Rscript run_model.R 208 5 560 1.5
209	:	1778488899.449	  1097.329	0	30043	0	0	Rscript run_model.R 209 4 880 2.5
210	:	1778489528.558	  1135.947	0	36713	0	0	Rscript run_model.R 210 4 400 2.5
211	:	1778489547.878	  1129.151	0	36713	0	0	Rscript run_model.R 211 7 400 2.5
213	:	1778489565.310	  1117.263	0	27361	0	0	Rscript run_model.R 213 4 560 3
212	:	1778489561.577	  1134.073	0	65543	0	0	Rscript run_model.R 212 7 400 1
214	:	1778489996.788	  1084.771	0	27361	0	0	Rscript run_model.R 214 7 560 3
215	:	1778490664.516	  1120.818	0	53178	0	0	Rscript run_model.R 215 7 560 1.5
216	:	1778490677.272	  1110.578	0	49111	0	0	Rscript run_model.R 216 7 1040 1.5
217	:	1778490682.584	  1108.768	0	28973	0	0	Rscript run_model.R 217 6 1200 2.5
218	:	1778490695.668	  1107.789	0	57826	0	0	Rscript run_model.R 218 6 1200 1
219	:	1778491081.571	  1079.225	0	59055	0	0	Rscript run_model.R 219 3 1200 1
222	:	1778491791.365	  1110.513	0	41851	0	0	Rscript run_model.R 222 6 1040 2
220	:	1778491785.350	  1121.221	0	58839	0	0	Rscript run_model.R 220 3 720 1
223	:	1778491803.473	  1106.486	0	41851	0	0	Rscript run_model.R 223 3 1040 2
221	:	1778491787.864	  1127.100	0	72872	0	0	Rscript run_model.R 221 6 1040 0.5
224	:	1778492160.809	  1081.859	0	42561	0	0	Rscript run_model.R 224 3 560 2
225	:	1778492901.891	  1124.588	0	46341	0	0	Rscript run_model.R 225 7 400 2
226	:	1778492906.585	  1132.638	0	80213	0	0	Rscript run_model.R 226 7 400 0.5
227	:	1778492909.971	  1131.608	0	80315	0	0	Rscript run_model.R 227 4 400 0.5
228	:	1778492914.978	  1127.677	0	75780	0	0	Rscript run_model.R 228 4 880 0.5
229	:	1778493242.683	  1102.151	0	75780	0	0	Rscript run_model.R 229 4 880 0.5
233	:	1778494042.673	  1105.168	0	40431	0	0	Rscript run_model.R 233 3 720 2
230	:	1778494026.493	  1127.292	0	80315	0	0	Rscript run_model.R 230 4 400 0.5
231	:	1778494039.239	  1114.955	0	46341	0	0	Rscript run_model.R 231 4 400 2
232	:	1778494041.592	  1117.606	0	46341	0	0	Rscript run_model.R 232 7 400 2
234	:	1778494344.852	  1075.092	0	40431	0	0	Rscript run_model.R 234 6 720 2
238	:	1778495159.211	  1106.631	0	60793	0	0	Rscript run_model.R 238 4 1040 1
237	:	1778495154.206	  1117.116	0	68648	0	0	Rscript run_model.R 237 4 560 1
236	:	1778495153.799	  1124.118	0	77932	0	0	Rscript run_model.R 236 6 1200 0.5
235	:	1778495147.853	  1130.325	0	76429	0	0	Rscript run_model.R 235 6 720 0.5
239	:	1778495419.960	  1087.394	0	31102	0	0	Rscript run_model.R 239 4 1040 2.5
240	:	1778496265.872	  1130.860	0	31103	0	0	Rscript run_model.R 240 7 1040 2.5
242	:	1778496277.932	  1132.955	0	39311	0	0	Rscript run_model.R 242 4 880 2
243	:	1778496278.195	  1136.301	0	38941	0	0	Rscript run_model.R 243 7 880 2
241	:	1778496271.338	  1147.132	0	46341	0	0	Rscript run_model.R 241 4 400 2
244	:	1778496507.363	  1122.703	0	75309	0	0	Rscript run_model.R 244 7 880 0.5
245	:	1778497396.765	  1108.333	0	38611	0	0	Rscript run_model.R 245 4 1200 2
246	:	1778497410.898	  1107.765	0	38981	0	0	Rscript run_model.R 246 7 1200 2
247	:	1778497414.508	  1120.291	0	77932	0	0	Rscript run_model.R 247 7 1200 0.5
248	:	1778497418.485	  1129.725	0	76429	0	0	Rscript run_model.R 248 7 720 0.5
249	:	1778497630.284	  1080.251	0	50444	0	0	Rscript run_model.R 249 2 1040 1.5
250	:	1778498505.365	  1086.181	0	24051	0	0	Rscript run_model.R 250 2 1040 3
251	:	1778498518.676	  1101.641	0	27361	0	0	Rscript run_model.R 251 2 560 3
252	:	1778498534.814	  1103.590	0	27360	0	0	Rscript run_model.R 252 5 560 3
253	:	1778498548.227	  1110.151	0	60210	0	0	Rscript run_model.R 253 5 880 1
254	:	1778498710.541	  1069.188	0	59623	0	0	Rscript run_model.R 254 2 880 1
255	:	1778499591.566	  1087.125	0	65389	0	0	Rscript run_model.R 255 2 400 1
256	:	1778499620.329	  1079.984	0	36713	0	0	Rscript run_model.R 256 2 400 2.5
